X,Y,TYPE,SPEED,DirType,Direction, // OpenSpeedcam 06-03-2025 13:46
20.850463,48.052439,1,110,1,341
19.315939,47.416879,1,110,1,357
19.315606,47.416611,1,110,1,187
19.792686,46.721417,5,130,1,161
19.999108,46.369467,5,130,1,161
19.121798,47.549085,1,50,1,41
19.12234,47.549735,1,50,1,220
16.991758,46.466792,3,50,1,269
16.991519,46.466791,3,50,1,90
18.13092,46.38314,1,50,1,54
18.131149,46.383277,1,50,1,234
19.01961,47.495299,1,50,1,37
19.038841,47.517183,1,50,1,168
19.05147,47.49897,1,50,1,264
19.057231,47.493598,1,50,1,69
19.057583,47.493711,1,50,1,248
19.08119,47.46614,1,50,1,151
19.08152,47.465996,1,50,1,330
19.08158,47.46617,1,50,1,242
19.082949,47.496341,1,50,1,70
19.086263,47.502713,1,50,1,235
19.085998,47.502578,1,50,1,54
19.10034,47.512481,1,50,1,229
16.52548,46.622177,1,50,2,86
16.549359,47.736836,1,90,2,324
16.549273,46.702066,1,50,2,202
16.562045,46.757944,1,50,2,199
16.638739,47.210364,1,50,2,243
16.681619,46.685926,1,50,2,73
16.74772,47.18167,1,40,2,130
16.780724,47.502846,1,50,2,8
16.78919,46.7025,1,50,1,91
16.789353,46.702515,1,50,1,245
16.85369,46.86522,1,70,2,178
16.871766,47.103367,1,70,2,134
16.91908,46.5845,1,50,2,180
16.935151,47.269686,1,70,2,295
16.982945,47.587372,1,50,2,258
17.025531,46.447943,1,50,2,105
17.05015,47.165802,1,60,2,311
17.07953,46.49289,1,90,2,219
17.11414,46.726736,1,50,2,265
17.26447,47.85608,1,50,2,75
17.266119,47.838781,1,130,1,136
17.266297,47.838775,1,130,1,318
17.286146,46.984096,1,50,2,312
17.328248,46.760545,1,50,2,271
17.3515,47.28131,1,90,2,108
17.367532,46.696911,1,50,2,67
17.37347,46.83631,1,90,2,335
17.38586,46.69964,1,50,1,81
17.386089,46.699628,1,50,1,274
17.39153,46.65325,1,50,2,167
17.523381,47.278335,1,50,2,322
17.549569,47.69383,1,50,2,306
17.57067,47.14192,1,90,2,294
17.77594,46.72619,1,110,1,186
17.782611,46.368435,1,50,2,2
17.78511,47.01917,1,90,2,250
17.814527,46.072244,1,90,2,9
17.816673,46.362246,1,50,2,119
17.825184,46.383561,1,60,2,190
17.82886,46.049,1,90,2,266
17.838024,47.684349,1,130,1,91
17.83889,46.82744,1,50,2,231
17.872429,46.846116,1,50,2,248
17.87833,46.94792,1,50,2,242
17.883907,46.851524,1,50,2,56
17.900675,46.831394,1,50,2,341
17.905261,46.822383,1,50,2,343
17.91322,47.21072,1,50,2,140
17.99944,47.51222,1,50,2,132
18.01175,47.10089,1,50,2,309
18.102746,46.834884,1,50,2,337
18.110879,46.252194,1,50,2,282
18.11133,47.033,1,50,2,274
18.130905,46.378813,1,50,2,182
18.190554,47.734348,1,50,2,99
18.21889,46.95506,1,50,2,132
18.26972,46.08561,1,50,1,245
18.270088,46.085597,1,50,1,65
18.27917,47.3195,1,60,2,320
18.286356,46.054663,1,90,1,97
18.33153,47.64611,1,50,2,130
18.41381,47.57506,1,70,2,127
18.41597,46.49875,1,50,2,154
18.440334,47.19804,1,50,2,302
18.46878,47.173,1,130,1,234
18.46872,47.17273,1,130,1,50
18.47111,46.22519,1,50,2,229
18.53531,47.03664,1,50,2,156
18.539,46.29681,1,50,2,198
18.61144,47.75261,1,60,2,282
18.62064,47.50947,1,130,1,81
18.620762,47.509617,1,130,1,264
18.65633,46.62764,1,50,2,165
18.6615,47.73833,1,50,2,288
18.69472,46.311808,1,70,2,192
18.74908,47.27975,1,50,2,220
18.75087,47.585378,1,90,2,35
18.768974,47.592998,1,70,2,234
18.864597,47.468794,1,130,1,305
18.864302,47.468777,1,100,1,125
18.892422,47.437938,1,110,1,344
18.897133,47.439172,1,40,2,311
18.917506,46.80188,1,50,2,162
18.928105,46.916038,1,70,2,12
18.93733,47.40225,1,30,2,226
18.942501,47.452249,1,100,1,269
18.94249,47.4521,1,100,1,89
18.94347,47.40614,1,30,2,227
18.950493,47.415694,1,50,2,143
18.951112,47.410187,1,30,2,69
18.95214,46.18819,1,50,2,156
18.957102,47.601745,1,70,2,121
18.97058,46.18447,1,50,2,272
18.984515,46.896505,1,60,2,209
18.998565,47.460502,1,100,1,77
18.998802,47.460703,1,100,1,254
19.003339,47.400555,1,90,1,78
19.00414,47.60156,1,50,2,300
19.0105,47.45214,1,70,1,270
19.010364,47.452172,1,70,1,90
19.012268,47.395088,1,110,1,349
19.011943,47.395124,1,110,1,168
19.02511,47.37925,1,110,1,268
19.02831,47.59253,1,50,2,300
19.040162,47.438375,1,50,1,257
19.040153,47.438334,1,50,1,72
19.046492,47.45583,1,50,1,11
19.046274,47.455853,1,50,1,193
19.08928,48.00536,1,50,1,335
19.089245,48.005304,1,50,1,157
19.092828,47.522082,1,50,1,218
19.092899,47.521996,1,50,1,42
19.09833,47.84281,1,50,2,193
19.10397,47.47367,1,60,1,297
19.10402,47.473591,1,60,1,117
19.124,47.44825,1,50,1,315
19.134187,47.441372,1,70,1,133
19.144676,47.598208,1,100,1,69
19.19653,47.99294,1,50,2,202
19.209895,47.593649,1,130,1,275
19.275964,46.623601,1,50,2,326
19.281364,46.842885,1,90,2,73
19.36944,47.447294,1,50,2,264
19.49597,46.42394,1,50,2,327
19.50864,48.08189,1,50,2,95
19.61367,46.98783,1,70,1,328
19.613427,46.988023,1,70,1,138
19.667044,46.926764,1,50,2,126
19.789141,47.145295,1,90,2,183
19.800636,48.094551,1,50,2,215
19.90219,47.515201,1,50,2,321
19.925,47.77403,1,50,2,54
19.97286,48.01014,1,50,2,89
19.984986,46.464766,1,50,2,154
20.037701,46.254225,1,130,1,185
20.081433,47.705549,1,130,1,262
20.081067,47.705373,1,130,1,81
20.093144,47.364465,1,50,2,170
20.11033,46.26647,1,50,2,104
20.120387,46.253761,1,50,2,95
20.162483,46.259819,1,50,2,314
20.16475,47.14908,1,60,1,209
20.164636,47.149024,1,60,1,24
20.167027,46.277764,1,50,2,201
20.176404,47.175056,1,50,2,10
20.20342,47.15669,1,50,1,175
20.203435,47.156576,1,50,1,4
20.244608,47.759508,1,50,2,281
20.253464,46.285281,1,130,1,125
20.263427,48.204375,1,50,2,358
20.29261,46.83567,1,50,2,146
20.318339,46.434626,1,50,2,172
20.358289,47.910097,1,50,2,125
20.38162,47.880954,1,50,2,175
20.394687,46.899863,1,50,2,270
20.40036,47.96139,1,40,2,220
20.42864,47.16603,1,50,2,320
20.624399,47.356959,1,50,2,188
20.66897,46.56575,1,50,2,230
20.68308,47.88733,1,50,2,231
20.716903,46.798743,1,60,2,304
20.745231,48.299709,1,50,2,19
20.7462,47.848627,1,130,1,16
20.746242,47.849022,1,130,1,206
20.75664,48.18397,1,60,1,151
20.757376,48.183422,1,60,1,333
20.789719,48.106642,1,50,1,331
20.82614,48.01014,1,50,2,159
20.85322,48.10331,1,40,1,341
20.853106,48.103413,1,40,1,140
20.8555,48.09906,1,40,2,335
20.904,47.32914,1,90,2,130
20.93358,46.86289,1,90,2,125
21.043789,47.861504,1,130,1,304
21.088968,46.974856,1,70,2,181
21.09028,47.32392,1,70,2,261
21.12131,46.69528,1,90,2,324
21.12711,47.33217,1,90,2,266
21.17613,46.672033,1,60,2,276
21.219809,47.295454,1,50,2,289
21.49494,47.15075,1,90,2,216
21.556942,47.302946,1,90,2,14
21.568076,47.902654,1,130,1,76
21.56992,47.54631,1,70,2,283
21.59067,47.57808,1,90,2,166
21.63267,47.48933,1,90,2,175
21.65917,47.639,1,50,2,184
21.72486,47.96319,1,50,2,218
21.72489,47.96261,1,50,1,135
21.725086,47.962669,1,50,1,314
21.738127,47.886713,1,130,1,76
21.738542,47.886918,1,130,1,260
21.740605,47.951958,1,50,2,271
22.315169,47.959955,1,50,2,97
17.712766,47.649405,5,130,1,239
19.37493,47.44771,5,60,1,84
19.22064,47.4397,5,60,1,314
20.037848,46.25404,1,130,1,4
19.05131,47.49897,1,50,1,83
16.83791,46.84836,1,50,2,262
19.074209,47.551495,1,70,1,194
19.074792,47.552766,1,70,1,16
16.78733,47.62136,1,50,2,274
17.603733,46.953702,1,40,2,222
17.628028,47.20425,1,50,2,288
17.776941,46.41784,1,50,2,348
18.069618,46.908171,1,40,2,243
18.41642,47.31314,1,50,2,343
18.40872,47.32508,1,50,2,314
19.79753,47.17286,1,50,2,208
19.08628,47.52014,1,70,1,135
21.636164,47.51798,1,30,2,283
16.97043,47.25278,1,70,1,332
21.12844,47.31419,1,50,2,286
17.644958,47.701918,1,50,2,230
18.953969,47.416193,5,110,1,140
19.79268,46.72093,5,130,1,162
19.6323,46.88207,5,130,1,329
19.785755,46.735389,5,130,1,341
19.667574,46.846489,5,130,1,132
19.147941,47.460212,5,50,1,214
19.73884,47.42337,5,50,1,149
19.70508,46.89106,5,50,1,17
21.67726,47.52895,5,50,2,184
20.73971,47.21893,5,50,0,0
19.71231,46.89175,5,50,1,87
19.43546,46.5143,5,50,1,153
19.10158,47.47461,5,50,1,302
19.7503,46.56445,5,50,1,35
19.81957,47.17128,5,50,1,295
19.5984,46.76123,5,50,1,69
19.68891,46.89088,5,50,1,285
19.96258,46.68455,5,50,1,85
19.096632,47.501134,5,50,1,102
19.36451,46.80175,5,50,1,71
17.39575,46.63727,5,50,1,359
19.77643,47.02225,5,50,1,22
17.25711,47.87808,5,50,1,302
19.39589,46.58582,5,50,1,46
20.6763,47.24565,5,50,1,317
19.10941,47.79716,5,50,1,312
19.69481,46.88213,5,50,1,276
18.95234,47.76481,5,60,1,32
18.19705,47.36831,5,60,1,321
19.81818,47.19554,5,60,1,283
16.91885,46.58262,5,70,1,6
20.24559,46.65858,5,70,1,320
19.13953,47.3824,5,80,2,218
19.2055,47.35025,5,80,1,327
19.23761,46.83169,5,90,1,65
19.448319,46.49694,5,90,2,335
17.370813,46.853177,5,90,2,359
18.9292,47.41806,1,110,1,114
17.99512,47.51427,1,50,1,300
19.288159,46.617331,3,50,1,225
19.08697,47.51992,1,70,1,312
17.48433,47.26572,1,50,2,193
16.76472,47.62075,1,50,2,273
19.0999,47.82609,1,70,2,216
19.00972,47.463,1,50,1,67
17.788398,46.365024,3,50,1,263
17.782467,46.363974,3,50,1,173
17.78537,46.35609,3,50,1,164
17.78386,46.35975,3,50,1,165
17.782303,46.363831,3,50,1,77
20.789881,48.106307,1,50,1,143
17.185941,46.508928,1,130,1,69
17.17839,46.50697,1,130,1,82
17.1999,46.51915,1,130,1,204
17.195152,46.514216,1,130,1,218
19.10985,47.86805,1,90,2,4
17.783327,46.361416,3,50,1,345
17.783128,46.361623,3,50,1,169
18.226763,46.079786,1,50,1,75
18.233097,46.071363,3,50,1,184
18.6769,46.37676,1,70,1,259
18.983106,46.523002,1,50,1,222
19.287778,46.617037,3,50,1,47
17.373509,46.690841,1,50,1,338
17.846785,46.832679,1,50,1,47
18.03691,46.90096,1,50,1,78
19.684147,46.902543,3,50,1,323
20.331702,47.179165,1,90,1,261
18.45814,47.19549,1,50,1,83
18.458642,47.195541,1,50,1,261
18.435036,47.200462,1,50,1,129
18.435328,47.200356,1,50,1,307
18.431024,47.203634,3,50,1,265
18.423785,47.208786,1,50,1,316
16.69364,47.25515,1,110,1,88
18.93137,47.41348,1,30,1,53
19.045364,47.440528,3,50,1,15
19.076784,47.466958,3,50,1,146
19.070038,47.485596,1,50,1,13
19.070004,47.486144,1,50,1,190
19.02387,47.49297,1,50,1,170
18.58777,47.49646,1,130,1,231
18.587939,47.496366,1,130,1,47
19.047789,47.561454,1,50,1,10
17.66258,47.66805,1,30,1,225
18.10753,47.70401,1,70,2,203
18.13941,47.74099,1,20,1,111
17.28001,47.85311,1,50,1,323
19.51498,48.08144,1,50,1,89
21.566607,48.318936,3,50,1,25
21.566908,48.319312,3,50,1,212
21.64805,48.37871,1,50,1,96
20.181136,46.269455,1,30,2,252
18.561445,47.759612,1,50,2,282
16.893822,46.837527,1,70,1,234
17.47478,47.33317,1,50,2,260
19.40691,47.21894,5,130,1,148
21.721857,47.957628,1,50,1,286
19.641412,46.963503,1,60,2,330
16.564823,46.50914,5,110,1,102
16.47789,47.249173,5,90,2,308
16.49605,46.620617,5,90,2,267
16.498148,46.977376,5,90,2,246
16.498686,46.656156,5,90,2,214
16.524783,46.985907,5,90,2,233
16.530283,46.663063,5,90,2,344
16.547293,47.396956,5,90,2,311
16.552545,46.733273,5,90,2,190
16.567688,46.630639,5,90,2,246
16.568723,47.353199,5,90,2,342
16.582824,47.258772,5,90,2,185
16.60696,47.29699,5,90,1,347
16.62456,46.651214,5,90,2,215
16.625669,47.173696,5,90,2,336
16.655133,46.947209,5,90,2,301
16.655883,47.237478,5,90,1,343
16.669786,47.251621,5,110,2,247
16.674546,47.319442,5,90,2,358
16.677056,46.450716,5,90,2,314
16.686364,46.930293,5,90,2,279
16.743132,47.265256,5,110,2,227
16.764541,46.418102,5,130,1,63
16.776331,46.870752,5,90,2,291
16.793252,47.273454,5,110,2,77
16.817062,46.444419,5,130,1,240
16.817043,46.880556,5,90,2,249
16.847154,46.952446,5,90,2,350
16.85353,46.871381,5,90,2,181
16.860406,46.811257,5,90,2,187
16.868864,46.870127,5,90,2,225
16.871469,46.724415,5,90,2,302
16.877704,46.881586,5,90,2,205
16.88036,46.452806,5,130,1,59
16.88565,47.340321,5,110,2,209
16.899853,46.73603,5,90,2,241
16.914266,47.362475,5,110,2,235
16.915872,46.47909,5,130,1,267
16.916087,47.266911,5,90,2,256
16.918382,46.478799,5,130,1,89
16.924571,47.280323,5,90,2,333
16.927773,46.837512,5,90,2,349
16.940748,46.461541,5,90,2,263
16.950923,47.264676,5,90,2,294
16.957955,46.466068,5,90,2,251
16.971914,46.515266,5,90,2,283
16.972937,46.477403,5,130,1,91
16.975787,46.822101,5,90,2,318
17.002306,47.589478,5,90,2,265
17.030858,47.176491,5,90,2,341
17.033645,46.476964,5,130,1,83
17.036417,46.460769,5,90,2,203
17.045816,46.472541,5,90,2,234
17.047707,46.727617,5,90,2,256
17.068889,46.808629,5,90,2,296
17.078201,47.153102,5,90,2,304
17.089723,47.58813,5,90,2,278
17.122421,47.124989,5,90,2,314
17.12912,46.79488,5,90,1,164
17.129242,46.558979,5,90,2,299
17.141079,46.793214,5,90,1,28
17.161677,46.531188,5,90,2,225
17.168836,46.789705,5,90,1,304
17.171082,47.5992,5,90,2,256
17.172585,47.769803,5,90,2,318
17.180991,47.088264,5,90,2,307
17.205897,46.530932,5,130,1,18
17.206512,46.805258,5,70,2,353
17.211882,47.120267,5,90,2,269
17.217836,46.770395,5,90,2,222
17.218549,46.749488,5,90,2,349
17.237781,47.017817,5,90,2,321
17.261096,46.999079,5,90,2,324
17.272111,47.834216,5,130,2,319
17.315129,47.829183,5,90,2,289
17.343473,47.815861,5,90,2,304
17.355621,47.129082,5,90,2,294
17.371286,47.638986,5,110,2,269
17.371522,47.125207,5,90,2,275
17.433834,46.4089,5,90,2,281
17.434542,46.808164,1,60,2,250
17.437722,47.735992,5,130,2,314
17.442801,47.340151,5,90,2,236
17.44519,47.111439,5,90,2,258
17.452216,47.348337,5,90,2,207
17.469483,46.700658,5,130,1,250
17.502412,46.784609,5,90,2,246
17.512479,47.665062,5,90,2,226
17.513589,46.699398,5,130,1,107
17.51632,47.69285,5,130,2,295
17.52022,47.710007,5,90,2,311
17.556693,46.378466,5,90,2,301
17.586205,47.59403,5,90,2,199
17.593528,47.605215,5,90,2,186
17.628128,47.151858,5,90,2,265
17.631122,46.754582,5,130,1,239
17.668949,46.726647,5,90,2,346
17.690545,47.660191,5,90,2,336
17.70827,47.142345,5,90,2,294
17.724715,47.138703,5,90,2,281
17.729151,46.368106,5,90,2,253
17.729599,47.727331,5,90,2,255
17.743323,47.711401,5,110,2,295
17.777109,46.790063,5,130,2,108
17.789213,47.679687,5,130,1,44
17.79681,46.441501,5,90,2,224
17.827674,46.112541,5,90,2,349
17.846665,46.048854,5,90,2,275
17.852611,47.112963,5,110,2,295
17.858041,46.364091,5,90,2,297
17.859189,46.841336,5,90,2,230
17.867655,47.104874,5,90,2,339
17.876372,47.348387,5,90,2,307
17.881076,47.113624,5,90,2,260
17.90852,46.367333,5,90,2,253
17.914288,47.548347,5,90,2,300
17.921058,47.679794,5,130,2,278
17.922366,47.065107,5,90,2,336
17.922837,47.543799,5,90,2,321
17.926758,46.040488,5,90,2,292
17.926867,47.082572,5,90,2,223
17.96235,47.102722,5,90,2,255
17.962977,47.522176,5,90,2,301
17.968176,47.10376,5,90,1,78
17.978844,47.681437,5,130,1,263
17.979181,46.880973,5,130,1,79
18.046322,47.500947,5,90,2,342
18.059549,47.590099,5,90,2,184
18.061778,47.57125,5,90,2,340
18.066891,47.674529,5,130,2,277
18.078001,47.473728,5,90,2,321
18.089888,47.642589,5,90,2,194
18.090798,46.90887,5,130,1,237
18.101246,47.062236,5,90,2,284
18.115223,47.184037,5,90,1,29
18.116097,47.438147,5,90,2,335
18.116598,47.726056,5,90,2,192
18.139702,46.932453,5,130,1,36
18.142876,47.190191,5,110,1,46
18.154275,46.955136,5,130,1,202
18.157192,46.939799,5,90,2,240
18.158458,46.440234,5,90,2,189
18.161361,47.405013,5,90,2,311
18.161349,47.200415,5,90,2,284
18.163237,46.503855,5,90,2,201
18.165925,46.55719,5,90,2,349
18.175191,46.711963,5,90,2,348
18.176718,46.57188,5,90,2,212
18.185231,46.680914,5,90,2,212
18.189856,46.655274,5,90,2,330
18.190417,47.376785,5,90,2,337
18.202653,46.584335,5,90,2,314
18.204767,46.186835,5,90,2,330
18.206495,46.04823,5,90,2,304
18.221955,46.611125,5,90,2,234
18.229846,46.674351,5,90,2,298
18.232212,47.345666,5,90,2,310
18.233569,46.026753,5,90,2,356
18.272951,46.046619,5,90,2,198
18.283856,46.020039,5,130,1,276
18.286351,47.313174,5,90,2,333
18.292231,47.304349,5,90,2,332
18.313315,47.624779,5,130,1,282
18.321416,46.109607,5,90,2,255
18.326746,47.506106,5,90,2,194
18.340733,47.5016,5,90,2,305
18.340886,47.617521,5,130,2,298
18.344661,47.200011,5,110,2,324
18.347585,47.221826,5,90,2,335
18.361296,47.241549,5,90,2,320
18.368623,46.126025,5,90,2,212
18.373352,46.014006,5,90,2,311
18.37426,46.010959,5,130,1,304
18.380015,47.131966,5,90,2,211
18.385231,47.108738,5,130,1,214
18.392027,47.215603,5,90,2,314
18.398639,47.121598,5,130,2,217
18.403931,47.213518,5,90,2,250
18.409679,46.673664,5,90,2,248
18.411913,47.147425,5,90,1,88
18.413896,47.578632,5,130,2,297
18.41547,47.223609,5,90,2,190
18.419115,47.259307,5,90,2,182
18.438309,46.483422,5,90,2,320
18.445157,47.140863,5,90,2,329
18.471069,47.111219,5,90,2,329
18.492871,47.183561,5,130,2,234
18.500549,47.535508,5,130,1,172
18.50618,47.163202,5,90,2,320
18.509474,47.192331,5,90,2,310
18.528382,47.145441,5,90,2,323
18.54935,47.503216,5,130,2,303
18.554518,46.313349,5,90,1,224
18.559791,46.761963,5,90,2,249
18.562458,47.107055,5,90,2,317
18.568669,47.485692,5,90,2,263
18.570217,47.224607,5,130,2,227
18.570637,47.637638,5,90,2,220
18.570637,46.323902,5,90,2,223
18.574702,45.980731,5,100,1,114
18.577328,47.182581,5,90,2,243
18.584095,46.335636,5,90,2,215
18.58516,45.992365,5,90,2,244
18.620906,46.360723,5,90,2,249
18.628234,47.701669,5,90,2,260
18.648027,47.102165,5,90,2,294
18.648194,46.365687,5,90,2,249
18.658455,47.248658,5,130,2,244
18.67292,47.257939,5,130,1,223
18.681198,47.494943,5,90,2,271
18.692605,46.190589,5,110,1,204
18.697025,46.479608,5,90,2,337
18.702118,46.427743,5,90,2,333
18.709704,46.439276,5,130,2,332
18.715719,46.213046,5,90,2,333
18.720371,46.283764,5,130,2,358
18.72854,46.412102,5,90,2,234
18.728636,46.20744,5,90,2,279
18.743942,46.342834,5,90,2,279
18.744965,47.307286,5,130,1,205
22.385708,48.151431,5,90,2,282
22.335053,48.12613,5,90,2,279
22.290825,48.096661,5,90,2,215
22.227119,48.066563,5,90,2,237
22.191503,47.96484,5,130,2,247
18.757811,46.427204,5,90,2,230
18.758851,47.507343,5,130,1,109
18.767201,46.50143,5,130,2,210
18.76938,47.709252,5,90,2,204
18.777501,47.066845,5,90,2,262
18.77776,47.331455,5,130,1,40
18.784459,46.47913,5,90,2,191
18.788804,46.546842,5,130,2,17
18.805814,47.148993,5,130,2,344
18.806893,46.37481,5,110,2,287
18.816049,46.645537,5,130,2,355
18.818377,47.49478,5,130,1,116
18.818439,47.210512,5,130,2,184
18.823609,46.617566,5,130,2,345
18.836872,46.947648,5,90,1,61
18.839426,47.027953,5,90,2,334
18.84215,46.589084,5,90,2,200
18.862898,47.28511,5,130,2,188
18.863726,47.622907,5,90,2,312
18.865716,47.130051,5,90,2,347
18.871263,46.773494,5,130,2,344
18.879561,46.99768,5,90,2,318
18.879742,47.07054,5,130,2,342
18.885003,47.068165,5,90,2,319
18.888439,46.702911,5,90,2,183
18.891833,46.963622,5,130,2,345
18.89546,46.921858,5,130,1,11
18.897063,46.762385,5,90,2,213
18.902054,47.35052,5,130,2,196
18.902585,47.348464,5,90,2,201
18.912155,46.851936,5,90,2,188
18.91533,46.786367,5,50,1,14
18.917052,46.863908,5,90,2,204
18.917484,46.192972,5,90,2,273
18.917775,47.362757,5,130,1,243
18.920457,46.989078,5,90,2,220
18.922111,46.896203,5,90,2,193
18.959119,47.452359,5,100,2,269
18.976926,46.189398,5,90,2,355
19.012263,46.995674,5,90,2,198
19.021704,46.182172,5,90,2,265
19.023179,47.045426,5,90,2,354
19.024966,47.316069,5,90,2,309
19.02667,47.25877,5,90,2,193
19.066547,47.620071,5,90,1,190
19.070729,47.633778,5,90,1,1
19.094499,47.022666,5,90,2,252
19.099759,46.798298,5,90,2,270
19.118264,47.60355,5,100,1,306
19.145364,47.566186,5,100,1,227
19.152972,47.601536,5,110,2,229
19.170996,47.562911,5,110,1,329
19.17419,47.9531,5,60,1,228
19.187396,47.600356,5,90,2,243
19.21172,47.357543,5,110,1,235
19.240115,46.656852,5,90,2,323
19.274081,47.509705,5,110,2,281
19.299171,47.407738,5,90,1,139
19.315765,47.555053,5,130,1,188
19.316849,47.55757,5,130,1,16
19.326539,47.430983,5,110,2,201
19.360558,48.080156,5,90,2,275
19.366304,47.385955,5,90,2,197
19.382623,47.365127,5,90,2,310
19.385526,46.863179,5,90,2,257
19.386376,47.155699,5,90,2,331
19.404601,47.439215,5,90,2,310
19.407674,47.618721,5,130,1,29
19.409771,46.226365,5,90,2,241
19.438722,47.626553,5,130,2,252
19.439812,46.23908,5,90,2,238
19.445042,47.332497,5,90,2,305
19.448081,47.631846,5,90,2,251
19.452416,48.0747,5,90,2,271
19.463843,46.874441,5,90,2,261
19.479009,47.317677,5,90,2,299
19.49925,47.248406,5,90,2,246
19.531896,47.643993,5,130,1,245
19.536106,46.231374,5,90,2,181
19.544812,46.885423,5,90,2,258
19.571382,47.268904,5,90,2,309
19.600698,47.009578,5,130,1,335
19.601705,47.262018,5,90,2,268
19.612905,46.975034,5,130,2,353
19.614949,46.92305,5,130,1,184
19.624791,47.668153,5,130,2,244
19.636453,46.968642,5,90,1,143
19.642197,46.820481,5,90,2,191
19.650058,47.464078,5,90,2,280
19.653152,46.857433,5,130,1,325
19.661979,47.788746,5,110,1,4
19.665155,47.683379,5,90,1,348
19.666912,47.714025,5,90,1,181
19.667067,47.708836,5,90,1,358
19.676182,47.853111,5,110,2,354
19.676475,46.859854,5,90,2,222
19.714131,47.21745,5,90,2,283
19.718688,47.669705,5,90,2,342
19.740485,47.043505,5,90,2,303
19.742137,46.977482,5,90,2,206
19.780114,48.053983,5,90,1,344
19.781732,48.050552,5,90,1,157
19.787984,47.134466,5,90,2,182
19.788619,48.045005,5,110,1,128
19.793646,46.719108,5,130,1,161
19.797271,46.214425,5,90,2,243
19.80056,46.62516,5,90,2,207
19.804455,46.911645,5,90,2,316
19.805857,47.445095,5,90,2,248
19.80788,46.909114,5,90,2,318
19.818273,46.758434,5,90,2,325
19.838691,46.611268,5,130,2,338
19.843107,47.721143,5,130,2,243
19.867466,47.290732,5,90,2,187
19.913006,46.50091,5,130,2,344
19.91965,47.729288,5,130,2,257
19.932117,46.455427,5,130,2,342
19.93834,46.691482,5,90,2,306
19.955674,47.609559,5,90,2,198
19.960936,47.206747,5,90,2,227
19.977467,47.882851,5,90,2,344
19.990337,46.458466,5,90,2,317
19.996946,46.374041,5,130,1,337
19.998401,46.448244,5,90,2,336
20.008428,47.767031,5,90,2,271
20.021646,47.219293,5,90,2,284
20.031362,46.873069,5,90,2,301
20.036827,46.246292,5,130,1,4
20.060196,47.512487,5,90,2,271
20.076022,46.71478,5,90,2,245
20.083254,46.247352,5,90,2,348
20.088658,47.192533,5,90,2,312
20.092207,47.285015,5,90,2,357
20.092977,46.253257,5,90,2,261
20.09367,47.352425,5,90,2,181
20.11072,46.295428,5,130,2,274
20.12051,46.878315,5,90,2,246
20.121065,47.155782,5,90,2,299
20.141246,47.706591,5,130,2,272
20.166708,46.688803,5,90,2,295
20.176095,47.535667,5,90,2,225
20.230927,46.293234,5,130,2,271
20.231892,46.666079,5,90,2,358
20.235628,46.374393,5,100,1,63
20.244494,46.851891,5,90,2,296
20.251335,46.628524,5,90,2,299
20.252218,47.070017,5,90,2,321
20.271001,47.718787,5,130,1,71
20.272322,47.167476,5,90,2,252
20.277717,46.849383,5,90,2,242
20.294199,47.780013,5,90,2,230
20.294362,47.177021,5,90,1,271
20.299932,46.39806,5,90,1,60
20.304106,46.577423,5,90,2,339
20.312633,46.467829,5,90,2,191
20.317421,47.722927,5,130,2,267
20.323111,46.445874,5,90,2,270
20.32335,47.627263,5,90,2,205
20.337515,47.179778,5,90,1,80
20.346143,47.915751,5,90,2,304
20.356936,47.956396,5,90,1,149
20.357245,47.805342,5,90,2,188
20.358204,47.814093,5,90,2,185
20.366202,47.839052,5,90,2,236
20.370774,47.859115,5,90,2,228
20.396567,46.45285,5,90,2,245
20.433478,47.760442,5,90,2,272
20.436062,47.195569,5,90,2,296
20.46838,47.687483,5,90,2,287
20.473728,46.826759,5,110,2,268
20.478477,46.268465,5,130,1,292
20.486453,47.822801,5,90,2,287
20.492035,47.114355,5,90,2,321
20.512208,47.765342,5,130,1,247
20.540537,47.800611,5,90,2,190
20.549202,47.870809,5,90,2,357
20.551638,47.241579,5,90,2,284
20.586658,47.823052,5,90,2,276
20.607827,46.876002,5,90,1,221
20.616215,46.542418,5,90,2,233
20.621952,47.789726,5,130,1,62
20.628859,47.834531,5,90,2,236
20.655306,46.221381,5,130,1,114
20.657264,46.583448,5,90,2,235
20.658548,46.166385,5,90,2,259
20.676993,46.592863,5,90,2,234
20.694912,46.594471,5,90,2,281
20.705946,46.585818,5,90,2,233
20.706032,46.792504,5,110,2,326
20.706571,46.59419,5,90,2,271
20.712837,46.594151,5,90,2,270
20.720298,47.919571,5,90,2,230
20.750323,46.78051,5,90,2,335
20.757213,46.611668,5,90,2,236
20.827779,48.136269,5,90,2,266
20.832806,46.750835,5,90,1,111
20.849531,48.075374,5,110,2,185
20.865444,48.026495,5,130,2,329
20.87128,47.884662,5,130,2,274
20.875132,48.129624,5,90,2,212
20.887177,46.739429,5,90,2,302
20.89154,47.27804,5,90,2,233
20.89323,47.96186,5,130,1,200
20.89471,47.96404,5,130,1,21
20.89679,48.152793,5,90,1,213
20.906393,46.730811,5,90,2,295
20.90809,48.166699,5,90,1,28
20.939499,46.659607,5,90,2,253
20.958231,46.712298,5,90,2,279
20.979937,46.293777,5,90,2,280
20.995972,47.864152,5,130,2,279
21.002729,46.787188,5,90,2,181
21.008087,46.67507,5,90,2,249
21.010691,46.754367,5,90,2,329
21.014959,46.695147,5,90,2,342
21.026466,46.690371,5,90,2,289
21.028424,46.848021,5,90,2,183
21.05195,46.688618,5,90,2,206
21.054837,47.320281,5,90,2,80
21.055989,46.710493,5,90,2,345
21.058217,48.302125,5,90,2,227
21.060667,47.851596,5,130,1,133
21.067606,46.919669,5,90,1,85
21.080862,47.90639,5,90,2,319
21.089312,46.987641,5,90,2,181
21.095362,46.996208,5,90,2,230
21.09571,47.33043,5,90,1,85
21.09864,47.849048,5,130,1,92
21.101735,47.89035,5,90,2,305
21.117315,46.734396,5,90,2,190
21.118509,48.344956,5,90,2,221
21.126301,47.880546,5,90,2,345
21.161672,46.673742,5,110,1,277
21.16539,46.673355,5,110,1,98
21.174905,47.341408,5,90,2,242
21.187776,47.913196,5,90,2,248
21.201722,47.801337,5,130,1,102
21.21871,46.65609,5,110,1,102
21.231522,47.797567,5,130,1,280
21.236392,47.008223,5,90,1,62
21.240607,46.647726,5,90,2,326
21.311945,48.156349,5,90,2,333
21.317883,47.757029,5,130,2,290
21.391971,48.212243,5,90,2,184
21.395439,47.598845,5,90,2,298
21.431154,47.884669,5,130,2,258
21.436057,47.701327,5,130,2,338
21.44234,47.582228,5,90,2,302
21.447627,48.262479,5,90,2,253
21.457953,47.835116,5,90,2,301
21.466229,48.264685,5,90,2,259
21.466533,47.470041,5,90,2,243
21.501471,47.243146,5,90,2,293
21.503203,47.781086,5,90,2,356
21.50676,47.725201,5,90,2,202
21.511154,47.485301,5,90,2,242
21.512832,48.294613,5,90,2,206
21.520409,47.610707,5,130,2,351
21.529914,48.311324,5,90,2,224
21.53542,47.579846,5,130,2,329
21.536556,47.493929,5,90,2,242
21.546616,47.267415,5,90,2,193
21.550758,47.620149,5,90,1,161
21.55429,47.61577,5,90,1,324
21.559599,47.315024,5,90,2,184
21.561684,47.901326,5,130,1,75
21.572877,47.60185,5,90,2,322
21.601825,47.382151,5,90,2,208
21.608067,48.371893,5,90,2,245
21.635191,47.470499,5,90,2,354
21.64943,47.678755,5,90,2,188
21.65157,47.655693,5,90,2,190
21.65383,47.593962,5,90,1,175
21.656968,47.698655,5,90,2,187
21.669663,47.721152,5,90,2,227
21.676804,48.030476,5,90,2,356
21.680543,47.738614,5,90,2,351
21.689179,47.891967,5,130,2,313
21.756398,47.129162,5,90,2,282
21.92926,47.912207,5,130,2,249
22.002241,48.119949,5,90,2,239
22.036691,48.170739,5,90,2,211
22.049523,48.203502,5,90,2,206
22.083808,47.934128,5,130,2,240
22.116224,48.311345,5,90,2,185
22.15823,47.859819,5,90,2,230
22.163957,47.957397,5,130,2,248
16.587856,47.317304,5,70,2,326
16.650931,46.471365,5,80,1,147
16.703983,46.43194,5,80,1,329
16.88152,47.59233,5,70,2,269
17.215178,46.786536,5,70,2,325
17.255032,47.853893,5,70,1,244
17.321784,46.661347,5,70,2,242
17.359754,46.769184,5,70,2,226
17.543572,47.54107,5,70,2,236
17.709956,47.724517,5,70,2,257
17.729739,47.643244,5,70,2,297
17.789871,46.336235,5,70,2,292
18.016398,47.049678,5,70,2,208
18.063238,47.080338,5,70,1,286
18.105396,47.448403,5,70,2,323
18.155436,46.063757,5,70,1,251
18.280127,46.090118,5,70,2,217
18.287163,46.019947,5,70,1,158
18.424048,46.152921,5,70,2,252
18.627366,47.750398,5,70,2,281
18.714787,47.771093,5,70,2,230
18.852344,47.628613,5,80,2,285
18.898494,46.923476,5,80,1,325
18.929976,46.927765,5,70,2,340
19.019844,47.470314,5,70,1,30
19.020628,47.471528,5,70,1,217
19.041848,47.426195,5,70,1,181
19.048457,47.563324,5,70,1,12
19.049132,47.567201,5,70,1,166
19.050768,47.590698,5,70,2,196
19.08353,47.459019,5,70,1,328
19.085437,47.456492,5,70,1,150
19.098178,47.433221,5,70,1,144
19.100924,47.478752,5,70,1,211
19.101106,47.509663,5,70,2,322
19.102649,47.428322,5,70,1,338
19.10448,47.882257,5,70,2,359
19.108257,47.500828,5,70,1,353
19.112674,47.405238,5,70,2,349
19.116848,47.453013,5,70,1,132
19.136229,46.19434,5,70,1,60
19.144595,47.435702,5,70,2,317
19.657333,46.255168,5,70,2,239
19.701182,47.944035,5,70,2,223
19.801787,48.036304,5,70,2,315
19.81154,47.979585,1,70,1,50
19.870424,47.740966,5,70,2,220
19.942057,47.774837,5,70,2,276
20.206558,46.686881,5,70,2,279
20.367794,47.183633,5,70,2,260
20.379645,48.301623,5,70,2,279
20.608023,46.563318,5,70,2,286
20.68685,48.230159,5,70,2,310
20.906218,48.105614,5,70,2,286
21.239814,48.520528,5,80,1,220
21.685077,48.362157,5,70,2,359
17.782725,46.363949,3,50,1,252
17.782546,46.363704,3,50,1,347
17.784051,46.3596,3,50,1,347
17.784641,46.357458,3,50,1,159
17.784893,46.357328,3,50,1,343
17.788105,46.364991,3,50,1,82
17.893177,47.079171,3,60,1,319
17.893043,47.079173,3,60,1,39
17.893009,47.0793,3,60,1,141
17.89316,47.07931,3,60,1,217
18.227047,46.079841,1,50,1,257
18.233112,46.071201,3,50,1,0
18.232939,46.071292,3,50,1,83
18.41387,47.18865,1,50,0,181
18.423542,47.208877,1,50,1,130
18.43059,47.203756,3,50,1,138
18.431106,47.203412,3,50,1,316
18.982857,46.522816,1,50,1,39
19.04603,47.47405,1,50,1,105
19.04691,47.47414,1,50,1,275
19.047627,47.562026,1,50,1,189
19.04923,47.59156,1,30,2,207
19.077261,47.466974,3,50,1,239
19.077238,47.466676,3,50,1,335
19.107635,47.486769,3,50,1,198
19.107678,47.486251,3,50,1,23
19.108022,47.486373,3,50,1,291
19.683911,46.902738,3,50,1,145
19.683837,46.902579,3,50,1,55
19.684154,46.902747,3,50,1,232
19.784945,48.074991,3,50,1,211
19.784845,48.074726,3,50,1,24
20.19405,47.17522,1,50,0,181
20.19667,47.17702,1,50,2,282
20.299412,47.176712,3,60,1,278
20.299037,47.176668,3,60,1,98
19.045235,47.440966,3,50,1,181
19.07057,47.489569,3,50,1,181
19.070694,47.489213,3,50,1,3
19.070213,47.496949,3,50,1,67
19.070789,47.497247,3,50,1,244
19.08564,47.51857,3,50,0,181
19.28792,46.617286,3,50,1,142
19.288151,46.617052,3,50,1,322
21.567007,48.31916,3,50,1,270
21.566528,48.319057,3,50,1,80
21.714082,47.958946,3,50,1,266
21.713467,47.958825,3,60,1,91
21.713819,47.95914,3,50,1,196
21.71372,47.958613,3,50,1,14
18.430439,47.203575,3,50,1,79
18.435116,47.200338,1,50,1,37
18.435243,47.200463,1,50,1,220
18.983067,46.522873,1,50,1,312
19.784654,48.074807,3,50,1,128
17.468133,47.320544,1,30,2,228
17.481092,47.323413,1,50,2,248
19.13019,47.64511,1,50,2,181
17.94717,47.14822,1,50,2,344
20.135554,46.239815,1,30,2,64
19.324855,47.389946,1,50,2,293
19.687473,47.666604,1,50,2,274
17.003766,46.453491,1,50,2,282
18.806802,46.680389,1,50,2,334
18.308506,47.640801,1,50,2,194
20.752548,48.100917,1,50,2,262
20.197373,46.217792,1,50,2,189
19.014377,47.529453,1,50,2,271
20.770536,48.154577,5,90,1,163
20.725762,48.248379,5,90,1,162
17.807822,47.180884,1,50,2,220
21.658449,47.543674,1,50,2,350
18.663767,47.744746,5,60,1,114
18.664061,47.744751,5,60,1,270
18.690313,47.749676,5,70,1,247
18.731645,47.779255,5,50,2,231
18.570593,47.758552,5,40,1,285
18.532558,47.756347,5,40,1,61
18.517925,47.752048,5,50,1,259
18.490474,47.749613,5,50,1,271
18.453792,47.757071,5,50,1,282
18.437925,47.756939,5,50,1,278
18.355684,47.735308,5,50,2,250
18.348836,47.733476,5,60,1,251
18.322266,47.72986,5,50,1,55
18.317606,47.725669,5,50,1,225
18.31341,47.718774,5,50,2,204
18.325539,47.654312,5,40,1,213
18.327041,47.653955,5,40,1,211
18.32681,47.649435,5,50,1,317
18.319666,47.651964,5,50,1,58
18.322766,47.668012,5,50,2,176
16.655943,47.229118,1,70,2,191
20.207561,47.138808,1,50,2,337
21.97846,47.973267,1,50,2,326
20.784382,48.077822,5,50,2,352
19.048958,47.376318,5,60,1,3
19.031662,47.45684,5,50,1,278
19.025077,47.406732,5,60,1,50
19.01472,47.465372,5,70,1,224
18.960502,47.456262,5,50,1,339
18.820001,47.494333,5,130,1,300
17.004183,46.459649,5,50,1,59
16.88229,47.57213,1,50,2,354
17.552804,46.92451,1,50,2,236
18.76442,47.58589,1,50,2,321
18.94878,47.55525,1,50,2,355
18.916758,47.437702,1,50,2,332
18.36333,45.93522,1,40,2,353
16.69575,47.63694,1,50,2,281
20.19476,46.20428,1,50,2,182
16.82353,46.81242,1,60,2,346
18.044048,47.109218,1,40,2,246
18.905317,47.439345,1,50,2,320
18.910607,47.44451,1,50,2,336
18.90779,47.44856,1,40,2,299
18.939038,47.546901,1,40,2,302
21.699501,47.820622,1,50,2,350
16.8765,47.57828,1,50,2,223
16.86898,47.59493,1,50,2,324
19.811447,47.979686,1,70,1,204
20.183517,46.241579,1,50,2,299
20.11961,46.28103,1,50,2,242
21.12228,46.66561,1,50,0,237
21.067285,46.668416,1,50,2,336
17.18703,46.93747,1,40,2,226
19.33453,47.37508,1,40,1,31
19.3585,47.39547,1,30,2,307
18.92983,47.42869,1,40,1,336
19.57103,47.47906,5,50,2,228
19.01414,47.52392,1,50,2,295
19.00017,47.52858,1,40,2,255
17.448381,46.884681,1,40,2,355
17.427541,46.881887,1,50,2,278
19.147599,47.324745,1,50,2,327
17.89571,46.81773,1,130,2,106
17.90183,46.81679,1,130,2,277
17.90822,46.81638,1,130,2,270
18.45979,47.57645,1,130,1,277
18.5291,47.20374,1,130,1,61
18.52923,47.20397,1,130,1,238
18.5372,47.51114,1,130,2,320
18.60364,47.23122,1,130,1,258
18.60385,47.23107,1,130,1,84
18.741385,47.301767,1,130,1,201
18.741652,47.301643,1,130,1,26
18.856675,47.472813,1,130,1,306
19.0834,47.611185,1,130,2,293
19.089273,47.608906,1,130,2,305
19.17713,47.58567,1,130,1,226
19.21291,47.34323,1,130,1,318
19.31342,47.59065,1,130,1,215
19.32088,47.60375,1,130,1,352
19.4067,47.21931,1,130,2,328
19.60954,46.98945,1,130,1,172
19.6098,46.9895,1,130,1,353
19.7931,46.72012,1,130,1,160
19.79361,46.71944,1,130,1,339
19.970486,46.405301,1,130,1,146
19.97044,46.40555,1,130,1,324
20.04182,46.30707,1,130,2,349
20.04248,46.30367,1,130,2,356
18.00394,47.68307,1,130,1,90
17.62704,47.6811,5,50,1,62
17.64174,47.68625,5,50,1,239
19.834813,46.226543,5,90,1,78
19.9085,46.22447,5,90,1,282
20.3542,47.79935,1,90,1,60
20.38197,47.8695,5,90,1,205
20.19935,46.33615,5,90,1,193
21.0019,46.76578,5,90,1,181
17.87894,47.048922,1,50,2,320
19.03808,47.52092,1,50,2,358
18.96494,47.56011,1,50,2,332
19.432023,47.665689,1,50,2,312
16.60042,47.24817,1,50,2,243
16.694397,47.444869,1,50,2,317
20.23293,47.093468,1,50,2,337
20.169755,46.263568,1,50,2,326
17.33736,46.91062,1,50,2,332
17.87708,47.57119,1,50,2,291
18.15006,47.207187,1,50,2,193
21.83908,47.20061,1,130,1,284
18.950884,47.410705,1,30,2,60
19.053532,47.499144,3,50,1,262
19.038019,47.523022,3,50,1,154
19.039379,47.51548,3,50,1,165
20.102432,46.271662,5,50,2,160
20.127948,46.265236,5,50,1,100
20.11776,46.265412,5,50,1,280
20.16595,46.254479,5,50,1,159
20.177548,46.25798,5,50,1,90
20.150523,46.245821,5,30,1,198
20.167434,46.258645,1,50,2,262
20.184316,46.25894,1,50,2,285
17.884731,47.569177,1,50,2,309
22.11086,47.83978,1,50,2,284
16.68186,47.25183,1,30,2,242
17.6325,46.27736,1,50,2,195
20.830831,47.878406,1,60,1,47
22.138537,47.830719,1,50,2,317
17.474067,46.790327,1,60,2,310
17.76858,46.75222,1,110,1,159
16.45211,46.972405,1,110,1,256
16.452137,46.972354,1,110,1,78
16.59017,46.50575,1,130,2,100
21.52558,47.23647,1,50,2,291
22.11925,47.84683,1,50,2,333
22.21489,47.96917,1,90,2,282
21.534722,47.238197,1,50,2,188
20.18361,46.868,1,50,2,293
17.74124,46.8822,1,50,1,269
17.963884,46.981738,1,90,2,237
16.67136,47.24858,1,50,2,247
18.20656,47.19922,1,70,1,257
18.20664,47.19911,1,70,1,77
18.90867,47.448,1,40,2,334
19.29064,47.22447,1,50,2,246
19.325454,47.182706,1,50,2,304
19.45428,47.65828,1,30,2,289
20.391285,47.910954,1,50,2,263
21.6515,47.53131,1,30,2,204
17.421162,47.285306,1,50,2,220
17.709905,46.880687,1,90,2,246
20.084951,46.271737,5,50,1,292
20.183573,46.307496,5,60,1,21
20.183657,46.307704,5,60,1,202
18.923516,47.598609,1,50,2,297
20.27567,46.147958,5,40,1,195
20.152565,46.272491,5,60,2,266
20.145427,46.259761,5,50,1,234
20.155131,46.254758,5,50,1,41
17.106968,46.75916,1,50,2,347
21.415798,46.895626,5,90,1,330
19.051924,47.490757,3,50,1,141
21.552204,47.550228,5,90,1,353
21.551014,47.553589,5,90,1,173
17.634037,47.656227,5,90,1,29
17.665926,47.633072,5,130,1,276
21.142162,47.848202,5,130,1,298
21.199192,47.801758,5,130,1,280
21.325165,47.825317,5,130,1,217
21.556316,47.90049,5,130,1,256
21.651075,47.682796,5,90,1,13
21.843487,47.66396,5,90,1,46
16.80781,47.04219,1,50,2,357
17.20369,46.526,1,130,1,19
20.04811,47.21472,1,110,1,102
19.27394,47.38067,1,110,2,244
20.35028,46.27136,1,40,2,309
21.29219,46.63039,1,60,2,269
22.14644,47.95267,1,130,2,247
18.474255,47.571503,5,130,1,322
19.275723,47.52507,5,70,1,66
19.325383,47.275582,5,130,1,309
20.003161,47.713409,5,130,1,311
16.83361,47.61142,1,50,2,188
16.94481,47.24989,1,50,2,298
21.30906,46.63764,1,50,2,263
18.95158,47.41825,1,110,1,314
16.83028,47.61572,1,50,2,270
16.84447,47.61758,1,50,2,261
17.00175,46.45861,1,50,2,238
18.23772,45.94567,1,30,2,181
18.80697,47.64536,1,60,2,326
18.88875,47.61639,1,50,2,271
22.11764,47.83397,1,50,2,221
16.874872,47.577,1,50,2,211
18.286409,46.054712,1,70,1,278
18.9097,47.43357,1,30,2,301
19.072053,47.545396,3,70,1,13
20.191713,46.216194,1,50,2,217
20.788086,48.119961,3,50,1,341
21.720636,47.957794,1,50,1,112
21.724108,47.963139,3,50,1,128
18.66139,47.595,1,50,2,320
17.55944,46.92858,1,40,0,181
19.06158,47.56886,1,40,2,181
18.95133,47.41825,1,110,1,134
17.789,46.32728,1,60,2,194
19.05861,47.53631,1,70,1,110
19.15131,47.46261,1,50,2,289
18.309634,47.478966,1,50,2,346
19.027822,47.552857,1,60,2,355
19.04578,47.55692,1,70,1,197
19.04583,47.5565,1,70,1,15
19.04969,47.58592,1,70,1,181
19.04981,47.58578,1,70,1,3
19.06536,47.58808,1,40,2,181
19.28683,47.405,1,50,2,304
18.710207,47.54377,1,50,2,270
19.061748,47.469075,1,70,1,275
19.128009,47.464787,1,50,1,301
18.66711,47.58661,1,90,2,332
19.055057,47.508002,1,50,1,181
18.90225,47.62128,1,50,2,323
19.03867,47.47572,1,50,1,110
19.04269,47.54631,1,50,1,189
19.05961,47.47689,1,50,1,58
19.05994,47.47725,1,50,1,232
17.428815,46.885033,1,50,2,303
19.16371,47.315521,1,40,2,279
20.2208,47.1264,1,60,2,348
21.02945,47.929021,1,50,2,295
21.66016,47.533691,1,50,2,357
21.63261,47.541531,1,30,1,300
16.708281,47.608421,1,50,2,277
20.32622,46.428452,1,50,2,293
17.62455,46.768871,1,50,2,244
20.377911,47.891201,1,50,1,283
16.49033,47.65694,1,50,2,352
17.776131,46.726189,1,90,1,6
19.379042,46.213583,1,50,2,241
16.8123,47.46125,1,30,2,326
19.062166,47.521804,1,50,1,13
18.899,47.57147,1,50,2,299
19.07192,47.46861,1,70,1,88
19.22725,47.39686,1,50,2,311
19.25225,47.40267,1,50,2,223
21.57122,47.59219,1,50,2,250
18.818363,47.168879,1,50,2,323
19.014309,47.401454,1,70,1,59
19.100124,47.565138,1,50,1,88
19.10039,47.56514,1,50,1,264
17.779423,46.405277,1,50,2,181
18.303947,47.498571,1,50,2,181
18.827747,47.150188,1,50,2,321
18.929784,47.42874,1,50,1,155
19.334517,47.375119,1,50,1,213
20.12213,46.24629,1,50,2,352
19.339887,47.443437,1,50,2,171
22.1449,47.84094,1,50,2,218
17.741143,46.882167,1,70,1,89
19.048413,47.573427,1,70,1,186
19.058663,47.536468,1,70,1,292
19.038635,47.475903,1,50,1,286
19.091588,47.478284,1,50,1,300
18.99839,47.46143,1,50,2,279
19.006517,47.449368,1,50,2,189
19.014498,47.401682,1,70,1,234
19.041078,47.430229,1,70,1,181
19.041205,47.430147,1,70,1,356
19.048547,47.573455,1,70,1,8
19.091423,47.478183,1,50,1,121
18.985174,47.463105,1,50,2,277
19.048069,47.570584,1,70,1,180
19.0928,47.47763,1,60,1,117
19,47.46861,1,70,1,11
19.006254,47.448055,1,60,1,10
19.04158,47.43147,1,60,1,8
19.01296,47.40096,1,70,1,59
21.597731,47.555427,1,50,2,267
17.91758,47.20806,1,50,1,139
17.917802,47.207822,1,50,1,319
18.82931,47.47581,1,50,2,351
18.91322,47.62375,1,50,2,206
19.10806,47.51669,1,50,1,316
19.24161,47.40492,1,50,2,312
19.1409,47.75984,5,50,1,175
17.10308,46.77836,1,50,2,325
17.90981,46.99278,1,70,2,202
17.916027,46.99883,1,70,2,358
18.04271,47.31648,1,50,2,239
18.5145,45.96544,1,50,2,238
18.51988,45.96612,1,50,2,321
19.006496,47.081517,1,50,2,340
19.059782,47.604939,1,70,1,201
19.059765,47.604551,1,70,1,25
19.90256,47.4941,1,50,2,220
20.73725,48.17219,1,50,2,208
20.74297,48.17746,1,50,2,230
21.601281,47.538021,1,30,2,356
19.26742,47.22111,1,50,2,317
18.213564,46.064932,1,50,1,248
18.213322,46.064874,1,50,1,69
19.083315,47.496578,1,50,1,143
19.083534,47.49639,1,50,1,325
18.004724,47.049701,1,50,2,322
17.43562,46.13567,1,50,2,170
17.43612,46.14681,1,50,2,20
16.637765,47.210106,3,50,1,66
16.780792,47.503353,3,50,1,181
18.130876,46.378152,3,50,1,5
18.384342,47.574284,1,50,2,308
18.538779,46.296061,3,50,1,15
18.917217,46.802467,3,50,1,154
20.111467,46.266262,3,50,1,284
20.176229,47.174146,3,50,1,8
20.787886,48.120361,3,50,1,158
20.791993,48.066953,3,50,1,158
20.792468,48.066466,3,50,1,338
21.724138,47.962543,3,50,1,38
17.105847,46.771037,1,50,2,358
19.316185,47.177937,1,50,2,330
19.542573,47.452707,5,50,1,90
19.527826,47.449364,5,50,1,275
19.45898,47.429871,5,50,1,64
19.59955,47.45471,5,50,2,211
19.6914,47.447721,5,50,1,111
19.74478,47.418101,5,50,2,298
17.92036,46.98247,5,50,2,181
17.92042,47.20466,5,50,2,181
17.92272,47.11363,5,50,2,339
17.96684,47.64543,5,50,2,289
17.9752,46.28382,5,50,2,340
17.97675,46.98559,5,50,2,265
17.97953,45.86094,5,50,2,302
17.98249,46.04454,5,50,2,258
17.98622,45.8612,5,50,2,208
17.98952,46.10277,5,50,2,208
17.99379,46.045592,5,90,2,274
18.03619,47.50536,5,50,2,257
18.04421,46.27088,5,50,2,267
18.04543,46.736271,5,50,2,279
18.04882,46.37185,5,50,2,249
18.053354,46.897583,5,50,2,321
18.054846,47.051229,5,50,2,328
18.05649,46.049737,5,90,2,257
19.08569,47.50669,1,50,1,41
19.094599,47.436445,1,50,1,84
19.390799,46.219002,1,50,2,240
19.402266,47.59938,1,60,2,211
18.09088,45.95792,5,50,2,241
18.09571,46.05633,5,60,2,249
18.09849,46.25773,5,50,2,304
18.10043,46.84111,5,50,2,343
18.10543,46.92457,5,50,1,268
18.10549,46.25894,5,50,2,181
18.11391,47.74513,5,50,1,113
18.12896,47.19261,5,50,2,237
18.1319,46.30907,5,50,2,183
18.13754,46.06154,5,60,2,269
18.13799,45.97449,5,50,0,181
18.13815,46.16063,5,50,2,319
18.13985,46.80678,5,50,2,349
18.14075,47.02637,5,50,2,309
18.14526,47.50463,5,50,2,232
18.14659,47.19992,5,50,2,248
22.67634,48.02653,5,50,2,203
22.72087,48.05253,5,50,2,244
22.7485,48.05519,5,50,2,261
18.17449,46.06256,5,50,2,336
18.17532,46.06599,5,40,2,265
18.17643,46.06495,5,70,1,268
18.17746,46.70579,5,50,2,345
18.18358,47.36247,5,40,2,227
18.184009,46.064819,5,60,1,263
18.189092,46.078167,5,40,2,224
18.18924,46.08296,5,40,1,336
18.1908,46.06512,5,50,1,89
18.19254,46.06846,5,50,2,247
22.563858,47.996339,5,50,2,242
22.56541,47.88352,5,50,1,122
22.5706,48.00188,5,50,2,200
22.57829,47.87807,5,50,2,295
22.58669,47.94867,5,50,1,106
22.59997,48.00084,5,50,1,264
22.62526,47.86379,5,50,2,319
22.6601,47.93279,5,50,2,338
22.67128,47.83967,5,50,2,306
22.50764,47.98242,5,50,2,244
22.508686,48.00192,5,50,2,186
22.51067,47.99394,5,50,1,355
22.51998,47.98688,5,50,2,227
22.52039,47.98146,5,60,2,349
22.52677,47.97453,5,50,2,316
22.52711,48.1985,5,50,2,279
22.53292,48.11216,5,50,2,188
22.55956,47.88786,5,50,2,316
18.21527,46.04411,5,40,2,342
18.215271,46.161549,5,60,1,175
18.216226,46.160868,5,60,1,276
18.21945,46.07102,5,50,2,271
18.22603,47.38362,5,50,2,355
18.22931,45.90865,5,50,1,4
18.22985,46.94649,5,50,2,345
18.23064,45.90487,5,50,1,158
18.23134,46.06412,5,50,2,197
22.38892,47.93988,5,50,2,272
22.42768,48.1541,5,50,2,251
22.43928,47.93056,5,50,2,326
22.44854,47.9661,5,50,2,215
22.45235,47.92499,5,60,2,274
22.45403,47.97171,5,50,1,211
22.45565,48.160233,5,50,2,254
22.461906,48.085233,5,50,2,240
22.50456,47.91843,5,50,0,298
18.239,46.15969,5,50,2,338
18.24175,47.49565,5,50,1,311
18.2422,46.93036,5,50,2,332
18.24638,46.20859,5,50,2,151
18.24714,46.997,5,50,2,238
18.24827,47.72887,5,50,2,278
18.25167,46.20039,5,50,2,340
18.25228,46.18545,5,50,0,272
18.25252,46.9241,5,50,2,298
18.23239,45.993454,5,90,1,191
18.23148,46.05018,5,50,2,356
18.23193,45.84605,5,50,2,259
22.3324,47.90756,5,50,2,340
22.3404,47.895951,5,50,2,346
22.34352,48.12255,5,50,2,325
22.34742,48.12749,5,50,2,52
22.35377,47.83501,5,50,1,358
22.37762,47.76711,5,50,2,298
18.243611,46.1469,5,90,2,336
18.253185,46.16315,5,50,2,204
18.25612,46.618291,5,60,2,49
22.30133,47.962071,5,50,2,284
22.30399,47.94324,5,50,2,349
22.30744,48.05188,5,50,2,350
22.31017,47.94287,5,50,2,235
22.31435,48.10874,5,50,2,188
22.31467,48.11768,5,50,2,355
22.31811,48.12401,5,50,1,21
22.32009,47.927723,5,50,2,329
22.32511,47.95142,5,50,2,181
22.16088,47.824146,5,60,2,279
22.169,48.40688,5,50,2,208
22.17139,47.864244,5,50,2,258
22.17327,47.99794,5,50,2,323
22.19323,48.13963,5,50,2,257
22.19406,47.974622,5,50,2,245
22.19563,47.81485,5,50,2,308
22.20431,48.13232,5,50,2,312
22.24607,47.96979,5,50,2,252
22.2564,47.91245,5,50,2,252
22.05421,47.80012,5,50,2,207
22.07152,48.20646,5,50,2,214
22.071706,48.227484,5,50,2,191
22.07479,48.21864,5,50,2,349
22.07574,48.24382,5,90,2,222
22.078719,48.216755,5,50,2,348
22.08247,48.23553,5,50,2,342
22.1019,48.2762,5,50,1,51
22.11627,47.850964,5,50,2,345
22.13001,47.70643,5,50,2,348
22.1447,47.76172,5,50,2,191
22.1518,47.7787,5,50,2,0
21.83885,47.89626,5,50,1,346
21.853622,47.80349,5,50,2,342
21.85481,47.77662,5,50,2,356
21.88985,47.52489,5,50,2,251
21.898388,47.686687,5,50,2,245
21.89904,47.5286,5,50,2,191
21.90815,47.85995,5,50,2,272
21.90878,47.70152,5,50,2,201
21.95963,47.73111,5,50,2,201
22.00047,47.75583,5,50,2,225
22.01364,47.85324,5,60,1,92
22.02575,47.87086,5,50,2,188
22.03585,47.93065,5,50,2,349
22.03857,47.79079,5,60,2,43
22.05076,48.18598,5,50,2,214
18.403284,47.165455,5,50,2,23
18.40354,47.20672,5,50,2,329
18.40654,47.16218,5,50,2,355
18.41477,45.79671,5,50,1,304
18.417446,47.17904,5,50,2,339
18.41981,47.1729,5,50,2,345
18.42021,47.200015,5,50,2,240
18.42644,47.19259,5,60,1,245
21.768764,47.614052,5,50,2,215
21.76971,47.95054,5,50,2,274
21.78364,47.94967,5,50,1,95
21.79354,47.98818,5,90,2,234
21.79356,48.06437,5,50,2,230
21.803663,48.07772,5,50,2,181
21.8277,47.88089,5,50,2,308
21.82835,48.01087,5,50,2,213
21.82921,48.33008,5,50,2,222
21.72774,47.95419,5,50,1,9
21.72979,47.990173,5,50,2,188
21.73065,47.93342,5,50,2,271
21.7308,47.99924,5,50,2,221
21.73662,47.96939,5,50,2,251
21.74399,47.96068,5,30,2,181
21.74597,47.95357,5,30,2,181
21.74758,48.03306,5,50,2,193
21.74777,47.59823,5,50,2,237
21.7534,47.93559,5,50,2,312
21.70411,48.04951,5,50,2,304
21.70472,47.86275,5,90,1,5
21.7063,47.877097,5,70,1,192
21.71855,47.98395,5,60,2,197
21.7188,47.93056,5,50,2,181
21.72297,47.58587,5,60,2,237
21.725691,47.945056,5,50,1,13
21.72392,47.94323,5,50,1,77
18.59699,46.34836,5,50,2,230
18.60931,46.35743,5,90,2,247
18.61038,46.90471,5,70,1,161
18.613597,46.899963,5,50,2,152
18.615711,46.895458,5,50,1,345
18.61778,47.48769,5,50,2,281
18.62195,46.8823,5,50,2,340
18.62653,46.868291,5,50,1,345
17.003473,46.716967,1,50,2,206
17.004794,46.724065,1,50,0,181
17.022076,46.723227,1,50,2,256
17.174981,46.754306,1,50,2,357
17.258154,47.862934,1,50,2,186
17.843444,46.359194,1,50,2,244
18.312062,47.542186,1,50,2,244
18.819653,47.481978,1,40,2,247
18.90061,47.69658,1,50,2,338
18.927169,47.509335,1,50,2,231
19.07956,47.52158,1,50,2,244
19.284495,47.204896,1,50,2,326
19.763253,47.194031,1,50,2,306
21.134801,46.696247,1,50,2,233
18.682,46.48372,5,50,2,340
18.68535,46.25325,5,50,2,356
18.68651,46.032692,5,90,2,244
18.68727,45.99961,5,50,2,323
18.6975,46.332021,5,50,1,161
18.6999,46.33206,5,50,2,9
18.70517,46.36505,5,50,1,11
18.711,46.34302,5,40,2,188
18.71144,46.04618,5,50,2,205
21.67068,47.55029,5,50,2,268
21.67735,47.77767,5,50,2,2
21.68158,47.53107,5,50,2,264
21.68353,47.14062,5,90,2,304
21.68414,48.01904,5,50,2,335
21.68616,47.80198,5,50,2,207
21.68844,47.95711,5,50,2,269
21.69099,47.97369,5,50,2,325
21.70149,47.95704,5,50,1,113
16.24753,46.94158,5,50,2,231
16.26971,46.94933,5,50,2,0
21.66728,47.49796,5,50,2,306
21.6669,47.55454,5,50,2,220
21.66442,47.71246,5,50,2,267
21.66225,47.71595,5,90,2,213
16.32565,46.97916,5,50,2,275
16.35311,46.97769,5,50,1,101
16.37231,46.97605,5,50,1,291
16.40248,46.97002,5,50,2,278
16.42007,46.83838,5,50,1,64
16.53142,46.621214,5,50,2,189
16.53359,46.62913,5,50,2,191
16.53614,46.68899,5,90,2,204
19.224,47.52979,5,50,1,143
19.23198,47.38213,5,50,2,224
19.23402,47.7137,5,50,2,340
19.23505,46.8716,5,50,2,264
19.23605,47.53066,5,50,2,227
19.23709,47.42584,5,70,1,142
19.24219,47.466082,5,50,2,214
19.24316,47.4824,5,50,1,289
21.65376,47.59787,5,90,1,5
21.65449,48.38696,5,50,2,211
21.6577,48.385,5,50,2,230
21.65856,47.5291,5,50,0,261
16.53931,46.62878,5,50,2,312
16.54941,47.68744,5,50,2,104
16.55013,47.38279,5,50,2,298
16.55175,46.70664,5,50,2,195
16.55493,46.52713,5,50,2,355
16.55577,46.51583,5,50,2,267
16.5681,47.67692,5,50,2,204
16.5785,47.70247,5,50,2,343
16.57902,47.34051,5,50,2,333
16.57978,46.72855,5,50,2,267
16.58262,47.13225,5,50,2,213
16.58472,46.84722,5,40,2,340
16.58589,47.69447,5,50,2,309
16.58712,47.24439,5,50,1,311
16.58892,47.24294,5,50,1,137
16.594396,47.67617,5,50,2,194
16.59945,46.88272,5,70,2,186
16.60288,47.67411,5,50,2,288
16.60489,47.30217,5,90,1,159
16.6079,47.68279,5,50,2,278
16.61007,47.23352,5,50,2,331
16.61094,47.00132,5,50,2,340
16.61177,47.01621,5,50,2,214
16.615053,46.850851,5,50,2,262
16.61564,47.00164,5,90,2,186
16.61946,47.21242,5,50,2,191
16.62093,47.24401,5,50,2,148
16.62651,46.73432,5,50,2,277
16.63238,47.6727,5,60,2,131
16.64106,47.15072,5,50,2,328
16.64218,47.2379,5,50,2,242
16.64379,46.95702,5,50,2,338
16.64545,47.63969,5,50,2,132
16.64606,47.12486,5,90,2,195
16.65033,47.28335,5,50,2,339
16.6549,47.64244,5,50,2,118
16.65975,46.85814,5,50,2,251
16.66767,47.21587,5,90,2,125
16.6717,47.04414,5,50,2,244
16.69182,47.05263,5,50,2,222
16.69328,47.61065,5,50,2,141
16.69946,46.87036,5,50,2,237
21.63958,47.53307,5,50,1,168
21.64161,47.52964,5,50,2,99
21.6432,47.90635,5,60,2,183
21.64529,47.15779,5,90,2,124
21.64562,48.41549,5,50,1,326
21.64644,47.50802,5,50,2,127
21.64746,48.41347,5,50,1,146
21.64917,47.67403,5,90,1,346
21.64922,47.55245,5,50,2,208
19.36124,47.5825,5,50,1,333
19.36501,47.6018,5,50,1,264
19.36976,47.58677,5,50,2,106
19.37941,46.58193,5,50,2,278
19.38436,46.71771,5,50,2,193
19.3875,47.59944,5,50,2,109
19.38867,47.84301,5,50,2,170
19.39073,47.5438,5,50,2,154
16.71448,47.40381,5,40,2,238
16.71474,47.22846,5,50,2,91
16.72234,46.42751,5,50,2,168
16.72263,47.18974,5,90,2,97
16.72897,47.22673,5,50,2,162
16.73308,46.42749,5,50,2,159
16.73494,46.4356,5,50,2,255
16.73664,46.42365,5,50,2,106
16.73888,46.87715,5,50,2,94
16.74274,47.60053,5,50,2,103
19.45452,47.34226,5,50,2,138
19.46417,46.45864,5,50,2,153
19.47064,46.45201,5,50,2,151
19.47553,47.09324,5,50,2,143
19.47654,46.44445,5,50,2,146
19.48527,46.85087,5,90,2,255
19.48576,47.44108,5,90,2,245
19.48914,46.87787,5,90,2,259
21.627,48.43516,5,50,2,148
21.62937,47.5144,5,50,1,178
21.63093,48.01027,5,50,2,129
21.63106,47.54043,5,50,2,118
21.63129,47.49937,5,60,1,354
21.63257,47.52449,5,50,2,357
21.63304,47.45053,5,50,2,190
21.635317,47.524183,5,50,2,211
21.6375,47.54686,5,50,2,237
16.74494,47.06466,5,50,2,153
16.74619,47.54436,5,50,2,135
16.74976,46.42046,5,50,2,96
16.75032,46.87664,5,50,2,96
16.7511,47.38537,5,50,2,132
16.76117,46.77377,5,50,2,172
16.7714,46.8464,5,50,2,221
16.78589,46.7676,5,50,2,191
19.53328,47.67136,5,50,2,224
19.53822,48.09936,5,60,2,219
19.54148,47.28895,5,50,2,308
19.54553,47.03485,5,50,2,135
19.56909,48.12652,5,50,2,261
21.58249,48.31272,5,50,2,122
21.58899,47.5433,5,50,1,106
21.59553,47.52719,5,50,2,255
21.60861,47.51657,5,50,2,224
21.60962,47.54505,5,50,2,181
21.6102,47.54046,5,50,1,164
21.61137,47.53254,5,50,2,195
21.62152,47.16802,5,50,2,104
21.62628,47.60431,5,90,2,227
19.57144,47.01733,5,50,2,137
19.57773,46.97594,5,50,2,124
19.5868,47.61219,5,50,2,124
19.59094,48.12641,5,50,2,99
19.59651,47.25551,5,60,2,125
19.60445,47.801,5,50,2,220
19.60579,46.76755,5,50,2,209
19.60812,47.26139,5,60,2,163
19.61771,46.87658,5,50,2,232
19.62769,47.39999,5,50,2,129
21.54132,47.23193,5,50,2,115
21.56181,48.32457,5,50,2,154
21.56372,48.31319,5,50,2,208
21.56456,47.9619,5,50,2,96
21.56525,47.34693,5,50,2,206
21.56915,47.53115,5,50,2,107
21.57084,47.19246,5,90,2,167
21.58039,47.36198,5,50,2,217
21.50853,47.68721,5,50,2,174
21.51857,47.65995,5,50,2,147
21.52569,47.67066,5,50,2,262
21.53515,47.22579,5,50,1,161
21.53529,47.21581,5,50,2,167
21.5384,47.20349,5,50,2,204
19.16575,47.46673,5,50,2,236
19.16735,47.62615,5,90,2,353
19.16907,47.45432,5,50,2,118
19.17054,47.50734,5,50,2,255
19.17101,47.67626,5,90,2,202
19.17478,47.61458,5,50,2,121
19.17568,47.50149,5,50,2,106
19.17603,47.53786,5,50,2,140
16.79407,47.05262,5,50,2,130
16.79584,46.44899,5,50,2,252
16.79777,46.85643,5,50,2,265
16.80779,47.05723,5,50,2,265
16.81588,46.85168,5,50,2,119
16.82363,46.85016,5,50,1,102
16.8309,46.83522,5,50,2,219
17.00401,46.81985,5,60,2,217
17.02097,47.09545,5,50,2,99
17.02821,46.97466,5,50,2,158
17.02891,47.24425,5,50,2,237
17.03561,47.58497,5,50,2,131
17.03581,47.59176,5,50,2,97
16.84158,47.42791,5,50,2,177
16.84573,46.83866,5,50,1,181
16.846,46.85433,5,50,2,216
16.84734,46.82029,5,50,2,181
16.84791,46.73925,5,50,2,185
16.85004,46.84542,5,50,1,267
16.85205,46.83264,5,50,2,184
16.852303,47.326474,5,50,2,237
21.412,48.11759,5,50,2,187
21.4216,47.85046,5,50,2,124
21.4224,47.12939,5,50,2,246
21.42848,47.85488,5,50,2,89
21.441186,47.848353,5,50,2,181
21.48778,47.47731,5,60,2,63
21.495,46.9234,5,50,2,234
21.4966,47.66531,5,50,2,134
21.49899,47.80882,5,50,2,179
21.5031,47.956933,5,90,2,90
19.73124,47.39927,5,50,2,227
19.73502,48.15367,5,40,2,135
19.739751,46.498025,5,50,2,202
19.74549,46.52277,5,60,2,162
19.74586,48.14671,5,50,2,322
19.74734,46.48319,5,50,2,127
19.75309,48.13921,5,50,2,163
19.7556,48.12966,5,50,2,113
19.76142,46.57399,5,90,1,241
19.76634,47.68469,5,50,2,244
21.39172,48.14361,5,50,2,125
21.3926,46.74797,5,50,2,115
21.39761,46.74669,5,50,2,77
21.40466,47.90473,5,50,2,155
21.40526,47.44992,5,50,2,245
21.40864,48.10905,5,50,2,217
21.40914,47.71072,5,90,2,130
21.40997,47.44053,5,50,2,197
21.4107,48.12805,5,40,1,344
21.35382,47.28503,5,50,2,119
21.35911,47.60711,5,50,2,265
21.36748,46.73663,5,50,2,237
21.37496,47.55803,5,90,2,260
21.37712,47.45522,5,50,2,174
21.37941,47.43667,5,50,2,231
21.38229,46.7506,5,50,2,187
21.38252,46.74759,5,50,2,124
21.38497,47.95708,5,50,2,258
21.389518,46.815059,5,50,2,240
21.27721,46.66168,5,50,2,150
21.2802,48.18784,5,50,2,109
21.28348,46.65047,5,50,2,181
21.29,46.65994,5,50,2,225
21.33265,47.62091,5,50,2,194
21.33673,48.14026,5,50,2,151
21.35273,47.6212,5,50,2,211
21.25271,48.1538,5,50,2,100
21.25524,46.90464,5,50,2,207
21.256,46.73363,5,50,2,104
21.25725,46.64378,5,50,2,312
21.26154,46.65516,5,50,2,113
21.26186,46.63804,5,50,2,211
21.26343,47.37187,5,90,2,231
21.2665,46.64178,5,50,1,241
21.26879,46.65045,5,50,2,191
21.27486,46.59146,5,90,2,177
21.23819,47.29131,1,50,2,249
21.20884,48.16132,5,50,2,230
21.21368,48.37754,5,40,2,160
21.2207,48.15641,5,50,2,114
21.23005,47.82433,5,50,2,133
16.85586,47.08075,5,50,1,219
16.85635,46.93048,5,50,2,165
16.85886,46.90859,5,60,2,185
16.87095,47.58745,5,50,2,252
16.89471,46.89106,5,50,2,244
16.9064,47.34073,5,50,2,157
16.90946,47.251,5,50,2,218
16.9096,47.25414,5,50,2,111
21.1392,46.76116,5,50,2,151
21.14629,46.75461,5,50,2,329
21.14668,47.01414,5,50,2,246
21.15181,47.842667,5,90,2,155
21.15527,47.58182,5,50,2,95
21.16122,47.023,5,50,2,219
21.16324,47.01657,5,50,2,100
21.17625,46.54457,5,50,2,226
21.20404,48.1703,5,50,2,179
21.20664,47.09612,5,50,2,206
19.0509,47.45159,5,60,1,20
19.05309,47.46644,5,50,2,2
19.05431,47.39476,5,50,2,19
19.05498,47.4089,5,50,2,199
19.05566,47.62727,5,50,2,221
19.056941,47.521773,5,50,1,197
21.113726,47.318611,5,50,2,292
21.11459,46.68619,5,50,2,236
21.11569,46.68087,5,50,1,111
21.12655,46.67266,5,50,1,181
21.12689,46.76034,5,50,2,19
21.12869,47.86335,5,50,2,160
21.13689,46.77832,5,50,2,181
16.91675,46.55644,5,60,2,179
16.91856,46.59441,5,50,2,174
16.92278,46.74482,5,50,2,188
16.92743,47.30106,5,50,2,193
16.93075,46.78912,5,50,2,181
16.93915,46.82695,5,90,2,83
16.9435,46.73023,5,50,2,118
16.95053,47.59067,5,90,2,104
16.95263,46.52283,5,90,2,141
19.06919,47.647701,5,50,1,359
19.07058,47.51615,5,50,1,54
19.07066,47.43434,5,50,2,183
19.07103,47.52183,5,50,1,54
19.0711,47.51216,5,50,1,322
19.07239,47.75779,5,50,2,158
19.07247,47.51129,5,50,1,45
19.07319,47.52871,5,50,1,313
19.07457,47.65876,5,50,1,228
16.95555,46.4478,5,50,2,186
16.96446,46.45655,5,50,2,129
16.96896,46.46119,5,60,2,178
16.97037,47.38336,5,110,1,240
16.98447,46.40826,5,50,2,195
16.98486,46.5365,5,50,2,216
16.9858,46.47291,5,50,2,181
16.98625,46.50453,5,50,2,347
16.98838,46.5632,5,50,2,168
21.09368,46.64902,5,50,1,168
21.09808,48.1132,5,60,2,239
21.098025,47.723066,5,50,2,233
21.1017,46.6822,5,50,1,272
21.10267,46.60805,5,60,2,230
21.11307,46.77911,5,50,2,126
19.0249,47.42382,5,50,2,102
19.0249,47.79819,5,50,2,112
19.02576,47.46951,5,50,1,238
19.02678,47.482,5,60,1,172
19.0277,46.69466,5,50,1,234
19.03079,47.57414,5,50,2,195
19.0314,46.79919,5,50,2,105
19.03221,47.82245,5,50,2,94
16.98911,46.441,5,50,2,186
16.99025,46.59483,5,50,2,175
17.06462,46.38145,5,50,2,148
17.06587,46.94927,5,50,2,160
17.06636,47.26204,5,50,2,249
17.0743,46.94287,5,50,2,77
17.07764,46.952,5,50,2,176
17.08324,46.94931,5,50,2,212
17.08591,46.93527,5,50,2,144
17.09548,47.26751,5,50,2,241
17.09635,46.27366,5,50,2,183
17.10757,46.24349,5,50,2,157
17.11695,47.779823,5,50,2,251
17.11813,46.83059,5,50,2,173
17.11849,46.61855,5,50,2,358
17.11875,46.80217,5,90,2,262
17.12169,46.36871,5,50,2,250
17.12187,47.59089,5,50,2,75
17.12258,46.51566,5,50,2,176
17.12339,46.56134,5,50,2,194
17.12478,46.79811,5,90,1,354
17.12537,46.54481,5,50,2,168
17.12696,46.53029,5,50,2,186
17.12841,46.48221,5,50,2,185
17.13521,47.1172,5,40,1,259
17.14543,47.79441,5,50,2,232
17.14624,47.78437,5,50,2,153
17.14757,47.91682,5,50,2,116
17.14777,47.23137,5,50,2,172
17.16386,46.20489,5,50,2,257
17.16656,46.71503,5,50,2,130
17.16938,46.71206,5,50,2,191
16.8279,46.84945,5,50,1,281
17.23437,46.72394,5,40,1,85
17.24112,46.75241,5,50,2,181
17.27622,46.98481,5,50,1,327
17.28314,47.87923,5,50,1,67
17.28447,47.88005,5,50,1,228
17.36426,46.69604,5,50,1,67
17.58466,46.75477,5,50,1,254
17.6148,47.67731,5,50,1,67
17.62919,47.67248,5,30,1,22
17.63398,47.69562,5,50,1,58
17.64093,47.67515,5,50,1,250
17.64479,47.67581,5,50,1,73
17.66165,47.67807,5,50,1,127
17.67052,47.67484,5,50,1,286
17.69221,47.68885,5,50,1,354
17.75187,46.79263,5,130,1,250
17.76333,46.34456,5,50,1,3
17.78153,46.35058,5,50,1,46
17.78746,47.62452,5,90,1,117
18.01416,46.88374,5,130,1,74
18.06416,46.90848,5,50,1,242
18.07211,46.91136,5,50,1,237
18.08716,47.48526,5,50,0,181
18.10666,46.91626,5,130,1,52
18.16078,46.06491,5,70,1,70
18.16334,46.06522,5,70,1,267
18.23634,45.9531,5,50,1,164
18.25672,46.08444,5,50,1,181
18.26165,46.11513,5,60,1,172
18.26953,47.2884,5,50,2,333
18.29121,46.09884,5,90,1,223
18.29686,46.10287,5,90,1,46
18.36417,47.21061,5,50,1,106
18.37887,47.20731,5,50,1,295
18.38743,47.5964,5,60,1,167
18.43925,47.20641,5,50,1,234
18.44679,45.99638,5,50,1,250
18.45367,47.18809,5,50,1,120
18.45834,47.00746,5,50,1,159
18.4624,47.18429,5,60,1,295
18.51638,45.9879,5,90,1,276
18.54882,47.76177,5,40,1,90
18.59154,46.11268,5,130,1,30
18.61586,46.89491,5,50,1,162
18.67784,46.18124,5,90,1,237
18.74535,47.30762,5,130,1,26
18.75971,46.29066,5,50,1,344
18.80497,46.93947,5,90,1,232
18.80957,47.35631,5,130,1,234
18.814614,46.205762,5,50,1,294
18.8176,46.2031,5,50,1,137
18.8485,46.61757,5,50,1,67
18.87954,47.4584,5,80,1,333
18.92697,47.4188,5,110,1,117
19.00479,48.05267,5,60,1,248
19.0163,47.5294,5,50,1,87
19.02379,47.49606,5,50,1,355
19.02402,47.49192,5,50,1,171
19.02832,47.47512,5,50,1,73
19.03241,47.5373,5,50,1,153
19.03249,47.54682,5,60,1,319
19.03278,47.5371,5,50,1,333
19.03363,47.54558,5,60,1,137
19.03473,47.53453,5,50,1,327
19.04014,47.4933,5,50,1,304
19.04021,47.53816,5,50,1,193
19.04031,47.53791,5,50,1,10
19.04184,47.42723,5,70,1,357
19.04315,47.54697,5,60,1,4
19.04327,47.43582,5,60,1,17
19.04379,47.44804,5,60,1,196
19.04382,47.44759,5,60,1,13
19.045654,47.598676,5,50,2,190
19.05499,47.50688,5,50,1,181
19.05504,47.50615,5,50,1,4
19.06009,47.50309,5,50,1,225
19.06562,47.51909,5,50,1,231
19.06783,47.64194,5,50,1,181
19.06823,47.51499,5,50,1,231
19.0712,47.5221,5,50,1,229
19.07533,47.55441,5,50,1,190
19.07577,47.46625,5,50,1,58
19.07977,47.67845,5,50,1,29
19.08116,47.68305,5,50,1,204
19.08124,47.48193,5,50,1,298
19.08358,47.53616,5,50,1,23
19.08628,47.59246,5,60,1,222
19.0866,47.49951,5,60,1,90
19.08708,47.5431,5,50,1,203
19.08919,47.50942,5,50,1,222
19.09173,47.51126,5,50,1,44
19.09193,47.55185,5,50,1,19
19.09298,47.4839,5,50,1,175
19.09318,47.48411,5,50,1,355
19.09718,47.48427,5,50,1,117
19.09729,47.48863,5,50,1,99
19.09736,47.84148,5,50,2,41
19.09823,47.48404,5,50,1,294
19.09859,47.829,5,90,1,134
19.09889,47.52347,5,50,1,291
19.10005,47.52957,5,50,1,29
19.1044,47.85301,5,50,1,29
19.11704,47.45307,5,70,1,317
19.11871,47.36322,5,60,1,146
19.11962,47.50991,5,50,1,223
19.12016,47.4676,5,60,1,117
19.12113,47.4674,5,50,1,300
19.12249,47.51141,5,50,1,48
19.12796,47.50873,5,50,1,232
19.13433,47.54783,5,50,1,311
19.13626,47.53862,5,50,1,219
19.1371,47.54594,5,50,1,134
19.13958,47.54072,5,50,1,35
19.14337,47.4563,5,50,1,223
19.14507,47.50411,5,50,1,82
19.14959,47.48013,5,50,1,142
19.15172,47.79614,5,90,1,158
19.15288,47.46562,5,50,1,29
19.1571,47.47538,5,50,1,123
19.17367,47.74315,5,110,1,210
19.18308,47.45631,5,50,1,286
19.18945,47.45458,5,50,1,108
19.24587,47.80872,5,40,1,316
19.24905,47.48121,5,50,1,105
19.34164,47.61983,5,50,1,67
19.36032,47.60114,5,50,1,71
19.47477,47.13792,5,130,1,140
19.52559,48.08867,5,50,1,251
19.534702,47.448174,5,40,1,105
19.56736,47.03984,5,130,1,142
19.63478,46.88867,5,50,1,267
19.64067,46.89526,5,50,1,197
19.66073,46.93837,5,90,1,145
19.66133,46.94234,5,60,1,222
19.67213,47.87549,5,90,1,171
19.67725,47.84338,5,110,1,175
19.69646,48.0853,5,50,1,140
19.70274,46.90795,5,50,1,329
19.71177,48.0854,5,50,1,272
19.78155,47.04924,5,50,1,168
19.78347,48.06978,5,50,1,188
19.7838,48.07093,5,50,1,10
19.80049,47.16382,5,50,1,49
19.808308,47.904367,5,50,2,308
19.84347,48.11688,5,50,1,286
19.86272,46.53778,5,40,1,225
19.88113,46.86743,5,90,1,96
19.88142,47.74903,5,90,1,229
19.88465,46.54686,5,130,1,171
19.88545,46.54459,5,130,1,345
19.98602,46.55044,5,30,1,320
20.00423,46.43942,5,90,1,153
20.0161,46.4173,5,50,1,150
20.01619,46.41728,5,90,1,333
20.05889,47.39182,5,50,1,348
20.06543,46.33497,5,90,1,8
20.07253,46.27346,5,50,1,272
20.08579,46.28996,5,60,1,329
20.12321,46.24386,5,50,1,158
20.15785,46.25599,5,50,1,247
20.16691,46.25176,5,50,1,171
20.16948,46.28228,5,50,1,23
20.17527,46.23065,5,50,1,304
20.18418,46.29357,5,130,1,101
20.19528,46.32712,5,90,1,199
20.19545,46.32709,5,90,1,14
20.19754,46.33221,5,90,1,198
20.19825,46.94937,5,50,1,207
20.25618,46.22011,5,50,1,102
20.26062,46.9786,5,50,1,285
20.2738,46.63246,5,50,1,330
20.27749,47.72291,5,90,1,311
20.28759,46.66629,5,70,1,250
20.28768,46.28528,5,130,1,98
20.3108,47.68901,5,50,1,339
20.315,46.40635,5,50,1,187
20.31938,47.67844,5,50,1,326
20.33773,47.65979,5,50,1,322
20.3432,47.65657,5,50,1,49
20.3518,46.41279,5,50,1,52
20.357865,47.786824,5,40,1,140
20.37039,47.91196,5,50,1,352
20.37162,47.90847,5,30,1,348
20.3751,46.20818,5,50,1,120
20.3843,47.89994,5,30,1,310
20.46628,47.19621,5,60,1,232
20.52541,47.90816,5,50,0,181
20.56134,47.66863,5,90,1,300
20.58335,47.60882,5,50,1,167
20.60131,46.86886,5,60,1,30
20.65285,46.57137,5,50,2,324
20.66316,47.24685,5,50,1,85
20.71618,48.101,5,50,1,260
20.77469,47.60566,5,50,1,283
20.77774,48.08544,5,50,1,35
20.82038,46.32575,5,50,1,203
20.84211,48.11767,5,60,1,4
20.9667,48.09391,5,50,1,352
20.99708,47.86023,5,50,1,215
21.06174,46.65664,5,50,1,64
21.06985,46.91978,5,90,1,260
21.08187,46.66609,5,50,1,223
21.08823,46.68156,5,50,1,168
21.09348,46.67505,5,50,1,41
21.09374,46.64903,5,50,1,350
21.09599,46.64242,5,90,1,345
21.09836,47.33062,5,90,1,267
21.11876,46.67995,5,50,1,294
21.22004,46.6561,5,110,1,285
21.24075,47.00979,5,90,1,245
21.60017,47.54224,5,50,1,273
21.63985,47.53217,5,50,1,1
21.66199,48.39963,5,50,1,18
21.72004,47.96512,5,50,1,106
21.72613,47.94738,5,50,1,190
22.39322,47.93969,5,50,1,277
22.51492,47.98435,5,50,1,68
22.63541,47.85791,5,50,1,122
17.16951,46.78043,5,50,2,342
17.17579,46.59499,5,50,2,355
17.17837,46.53621,5,50,2,260
17.18399,46.7824,5,40,2,344
17.19088,46.78312,5,50,2,210
17.19291,47.99509,5,50,2,335
17.19362,46.39407,5,50,2,267
17.20054,47.74809,5,90,2,317
17.20683,47.60473,5,50,2,248
17.22109,47.04405,5,50,2,346
17.22835,46.8896,5,50,2,193
17.22929,47.84165,5,60,2,231
17.23126,46.7675,5,50,2,256
17.23187,46.80434,5,50,2,352
17.23385,47.60988,5,50,2,256
17.2376,46.70518,5,60,2,310
17.23773,46.76317,5,50,2,354
17.24195,46.78289,5,60,2,260
17.24359,46.93246,5,50,2,181
17.2439,47.59796,5,50,2,181
17.24693,46.77698,5,50,2,269
17.24822,46.70955,5,60,2,322
17.24998,46.77357,5,50,2,216
17.25021,47.68359,5,50,2,187
17.25304,47.54175,5,50,2,335
17.25382,47.87945,5,50,2,298
17.25428,46.77013,5,50,2,260
17.25493,47.61864,5,50,2,357
17.25694,47.61277,5,50,2,259
17.25966,46.7682,5,40,2,251
17.2667,47.88999,5,50,2,327
17.26804,47.86709,5,50,2,190
17.26914,46.77297,5,50,2,264
17.288096,47.840946,5,50,2,125
17.28001,47.85312,5,50,2,144
17.29075,46.97801,5,50,2,177
17.2911,46.77145,5,50,2,110
17.29888,46.69141,5,50,2,265
17.30935,46.76303,5,50,2,103
17.32278,47.12233,5,50,2,74
17.33262,47.63299,5,60,2,231
17.34602,46.34753,5,50,2,169
17.35045,46.76185,5,50,2,243
17.35091,46.67005,5,60,2,116
17.35703,46.23474,5,50,2,176
17.36121,46.28324,5,50,2,174
17.36247,46.21895,5,50,2,183
17.37504,46.86414,5,50,2,64
17.37956,46.22564,5,50,2,84
17.38252,46.69932,5,50,2,262
17.38502,46.67162,5,50,2,167
17.3861,46.4042,5,50,2,172
17.38874,46.40665,5,50,2,265
17.39127,46.22921,5,90,2,162
17.39391,46.14977,5,50,2,96
17.39585,46.63165,5,90,2,179
17.39973,47.74169,5,50,2,221
17.40976,46.56923,5,50,2,175
17.41036,46.88048,5,50,2,242
17.41125,46.58411,5,50,2,164
17.41304,46.54526,5,50,2,175
17.4156,47.65314,5,110,2,61
17.41739,46.58361,5,50,2,259
17.41854,46.52562,5,50,2,159
17.41938,46.56566,5,90,2,231
17.42398,46.50757,5,50,2,178
17.42809,47.64531,5,50,2,249
17.43128,47.84832,5,50,2,134
17.43492,46.80826,5,70,2,250
17.43574,46.14408,5,50,2,186
17.4379,47.09602,5,50,2,158
17.43883,46.88261,5,50,2,255
17.44071,47.10473,5,50,2,265
17.44316,46.09378,5,50,2,168
17.44417,46.07297,5,50,2,173
17.44688,46.19124,5,50,2,200
17.45061,45.96573,5,50,2,88
17.45235,47.3255,5,50,2,224
17.45402,46.20789,5,50,2,181
17.45417,46.87893,5,50,2,115
17.45637,47.1665,5,50,2,201
17.46208,47.34533,5,50,2,130
17.46309,47.83368,5,50,2,127
17.46317,46.40345,5,90,2,105
17.46643,45.96426,5,50,2,176
17.46985,47.40045,5,50,2,131
17.47064,45.95935,5,50,2,268
17.47346,47.31829,5,50,2,131
17.47839,46.87038,5,50,2,144
17.48199,45.96159,5,50,2,263
17.4828,46.83063,5,50,2,181
17.4857,47.32446,5,50,2,253
17.48729,47.2096,5,50,2,215
17.48807,47.46293,5,50,2,210
17.48967,47.72624,5,50,2,149
17.49092,47.30858,5,50,2,155
17.49806,46.39554,5,50,2,109
17.50989,46.81242,5,50,2,140
17.51489,47.28862,5,50,2,143
17.51746,46.57464,5,50,2,245
17.51813,47.52143,5,50,2,184
17.52029,46.24562,5,50,2,130
17.53154,47.03295,5,50,2,240
17.53198,47.33719,5,90,2,257
17.53813,47.77142,5,50,2,130
17.54264,47.69717,5,50,2,126
17.54445,46.74487,5,50,2,230
17.54664,46.7296,5,50,2,103
17.54705,47.13497,5,50,2,194
17.54909,47.07361,5,50,2,147
17.5504,47.13842,5,50,2,92
17.55385,47.54592,5,50,2,222
17.55582,46.92522,5,50,2,239
17.55645,47.75526,5,50,2,118
17.56324,47.11407,5,50,2,356
17.56393,47.55384,5,50,2,232
17.56843,47.09833,5,50,2,206
17.5713,46.54565,5,50,2,180
17.57242,46.81544,5,50,2,217
17.57307,46.75321,5,50,2,256
17.57798,47.74033,5,50,2,137
17.5827,46.36846,5,50,2,106
17.58542,45.9792,5,50,2,93
17.59338,47.6767,5,50,2,98
17.59567,46.40681,5,50,2,167
17.6011,46.23051,5,50,2,273
17.60628,47.72456,5,50,2,129
17.6086,46.95562,5,40,2,246
17.60974,47.64275,5,90,2,253
17.61579,46.23848,5,50,2,174
17.61678,46.22241,5,50,2,170
17.6186,47.14856,5,90,2,223
17.62258,46.01725,5,50,2,259
17.6245,47.68035,5,50,2,66
17.62662,47.66014,5,50,2,153
17.63028,47.70211,5,50,2,193
17.6305,46.66167,5,50,2,249
17.63279,47.20327,5,50,2,111
17.63321,46.67414,5,50,2,137
17.63439,46.27969,5,70,2,219
17.63445,47.70808,5,50,2,197
17.63549,47.61527,5,50,2,127
17.63559,47.66746,5,50,2,170
17.63705,46.42955,5,50,2,249
17.64068,46.15116,5,50,2,130
17.64107,47.68524,5,50,2,155
17.64338,47.66485,5,50,2,231
17.64348,46.60526,5,60,2,168
17.64513,46.99692,5,50,2,260
17.64516,47.70206,5,50,2,233
17.64552,46.77507,5,50,2,246
17.6479,46.13888,5,50,2,110
17.64941,46.57912,5,50,2,169
17.65392,47.71557,5,50,2,197
17.65765,47.6554,5,50,2,152
17.65937,47.6955,5,50,2,54
17.66081,47.6735,5,50,2,225
17.66112,47.68203,5,50,2,183
17.66211,46.85075,5,50,2,221
17.66454,46.03446,5,50,2,244
17.66541,47.68495,5,50,2,92
17.66726,46.78265,5,50,2,262
17.66797,47.66774,5,50,2,51
17.66814,47.72786,5,50,2,213
17.67066,46.36262,5,50,2,255
17.67099,46.77222,5,50,2,104
17.67504,46.71151,5,50,2,168
17.6799,46.33247,5,50,2,201
17.68173,46.52074,5,50,2,106
17.6876,47.59172,5,50,2,142
17.68947,46.42255,5,50,2,107
17.69888,46.98936,5,50,2,101
17.70624,46.78983,5,50,2,248
17.70707,46.36248,5,50,2,58
17.71581,46.48964,5,50,2,170
17.71894,47.55692,5,50,2,156
17.72836,47.69147,5,50,2,247
17.7343,47.62723,5,50,2,204
17.73651,46.41257,5,50,2,160
17.74945,47.5218,5,50,2,159
17.74996,46.08986,5,50,2,163
17.75243,46.39065,5,90,2,152
17.7678,46.37154,5,50,2,154
17.77405,46.67875,5,50,2,164
17.77712,46.04749,5,50,2,258
17.77791,46.41497,5,50,2,168
17.77946,46.35389,5,50,2,251
17.78236,46.45644,5,110,2,246
17.78333,46.05127,5,50,2,333
17.78648,46.04812,5,50,2,291
17.80235,46.04332,5,50,2,279
17.80442,46.46457,5,50,2,174
17.80519,46.35758,5,50,2,262
17.80636,47.61696,5,50,2,115
17.80798,46.49143,5,110,2,192
17.81139,46.5545,5,50,2,169
17.81475,46.36564,5,50,2,209
17.81579,47.12269,5,50,2,255
17.81593,46.36707,5,50,2,210
17.817,46.91399,5,50,2,208
17.81931,46.12384,5,60,2,169
17.8197,46.51171,5,50,2,176
17.83127,46.82494,5,50,2,244
17.83149,46.9269,5,50,2,238
17.83218,46.15604,5,50,2,155
17.83477,46.40426,5,50,2,198
17.83782,46.20293,5,50,2,169
17.83909,46.92554,5,50,2,126
17.84152,46.17959,5,50,2,179
17.84341,45.87399,5,50,2,268
17.85021,46.22791,5,50,2,184
17.86041,45.87477,5,50,2,257
17.86626,46.95637,5,50,2,60
17.86793,46.04773,5,50,2,267
17.87156,46.95559,5,50,2,175
17.87176,46.04792,5,90,2,266
17.87244,47.28538,5,50,2,202
17.87369,46.8465,5,50,2,248
17.87518,47.09537,5,90,2,160
17.87712,47.26669,5,50,2,148
17.87798,47.25504,5,50,2,133
17.87905,47.57073,5,50,2,104
17.88281,46.34539,5,50,2,185
17.88784,46.95138,5,50,2,224
17.88888,46.96702,5,50,2,230
17.89017,47.10044,5,50,2,117
17.89452,46.85675,5,50,2,235
17.89574,47.08152,5,50,2,219
17.8973,46.0489,5,50,2,265
17.8992,46.96207,5,50,2,93
17.89999,46.46661,5,50,2,198
17.90052,47.09409,5,50,2,130
17.90076,47.1103,5,50,2,185
17.90195,47.08791,5,50,2,226
17.90374,47.11588,5,50,2,98
17.90443,46.31663,5,50,2,114
17.91166,47.10614,5,50,2,354
17.91245,47.08714,5,50,2,169
17.91477,46.0439,5,90,2,116
17.92034,47.10327,5,50,2,135
17.93,46.64462,5,50,2,144
17.93287,46.97531,5,50,2,232
17.93746,46.53052,5,50,2,245
17.93852,47.11212,5,60,2,215
17.94304,46.87905,5,50,2,246
17.94733,47.14783,5,50,2,159
17.95161,47.06679,5,90,2,131
17.956,46.03875,5,50,2,261
17.96022,46.36108,5,50,2,125
17.99463,45.85555,5,50,2,115
18.0009,46.36297,5,50,2,252
18.00484,47.69647,5,50,2,202
18.00763,47.04688,5,50,2,149
18.0079,47.02068,5,50,2,184
18.01343,47.50782,5,50,2,127
18.01865,47.09708,5,50,2,131
18.01989,47.03756,5,50,2,138
18.02257,46.72616,5,50,2,233
18.03652,46.90095,5,50,2,82
18.04057,47.06226,5,50,2,146
18.05974,47.63354,5,50,2,98
18.06358,47.11066,5,40,2,274
18.06629,46.88699,5,50,2,163
18.07151,46.87621,5,50,2,165
18.07806,47.07933,5,50,2,218
18.08676,47.46618,5,90,2,143
18.08711,47.74329,5,50,2,238
18.10515,47.03265,5,50,2,260
18.11576,47.73396,5,30,2,108
18.11868,47.7336,5,50,2,191
18.12136,46.22353,5,50,2,12
18.1221,47.11413,5,50,2,263
18.12308,46.21861,5,50,2,179
18.12539,46.75662,5,50,2,47
18.1268,46.38105,5,50,2,232
18.127,46.33475,5,50,2,180
18.12863,46.36785,5,50,2,207
18.14715,46.39507,5,50,2,203
18.15151,46.38744,5,50,2,166
18.15696,47.73589,5,50,2,98
18.16347,47.72428,5,50,2,109
18.16886,47.01385,5,50,2,145
18.193,46.20731,5,50,2,145
18.20002,46.19294,5,50,2,153
18.20131,46.59367,5,50,2,149
18.20184,46.06863,5,50,2,245
18.20576,46.06363,5,50,2,94
18.20835,46.06182,5,50,2,197
18.21094,45.80574,5,50,2,191
18.21114,47.20007,5,70,2,76
18.21139,46.07109,5,50,2,265
18.21323,47.36335,5,50,2,151
18.21359,46.04926,5,50,2,166
18.23283,45.87059,5,90,2,180
18.23299,45.85849,5,50,2,180
18.23388,45.84535,5,50,2,205
18.23459,45.89065,5,90,2,164
18.23768,45.94074,5,50,2,188
18.25917,46.09616,5,50,2,206
18.26476,46.08379,5,50,2,242
18.26479,46.07584,5,50,2,145
18.26762,46.09495,5,50,2,167
18.27331,47.48421,5,60,2,147
18.27465,46.19158,5,50,2,252
18.27481,45.8703,5,50,2,113
18.27774,46.08511,5,50,2,205
18.27837,46.64298,5,50,2,166
18.28465,45.85881,5,50,2,103
18.28483,46.07434,5,50,2,99
18.28557,46.04803,5,50,2,175
18.29558,46.18586,5,50,2,250
18.29659,46.01568,5,90,2,257
18.29662,47.21261,5,110,2,82
18.30258,46.63644,5,50,2,111
18.30375,47.05177,5,50,2,202
18.30492,47.48081,5,50,2,226
18.30832,47.64023,5,50,2,189
18.30913,47.48045,5,50,2,167
18.31041,45.85203,5,50,2,94
18.31247,47.63566,5,40,2,182
18.33049,47.73367,5,50,2,265
18.33081,47.34601,5,30,2,60
18.33785,47.15177,5,50,2,121
18.34087,47.53749,5,50,2,144
18.34091,46.11228,5,50,2,283
18.34228,47.6472,5,50,2,269
18.34744,47.6381,5,50,2,134
18.36294,45.93691,5,50,2,171
18.36808,47.57146,5,50,2,230
18.36857,47.11667,5,50,2,230
18.36935,47.57918,5,50,2,115
18.37798,46.52485,5,50,2,122
18.38231,47.59271,5,50,2,254
18.39198,45.8482,5,50,2,94
18.39289,47.20077,5,50,2,143
18.39596,47.56616,5,50,2,134
18.39857,45.8475,5,50,2,96
18.40694,47.15873,5,50,2,175
18.4266,47.16359,5,50,2,342
18.42773,46.67728,5,50,2,247
18.42891,47.5688,5,50,2,129
18.4316,46.48912,5,50,2,131
18.43269,47.20222,5,50,2,137
18.4363,47.19492,5,50,2,261
18.44288,47.18903,5,50,2,246
18.4477,47.54681,5,50,2,169
18.44835,46.68841,5,50,2,227
18.4537,47.19496,5,50,2,80
18.45753,46.28028,5,50,2,237
18.46279,46.22183,5,90,2,245
18.4637,45.87267,5,50,2,251
18.4638,46.21594,5,60,2,229
18.46499,47.21482,5,30,2,143
18.46966,47.75381,5,50,2,110
18.47511,46.82292,5,50,2,155
18.49683,46.25502,5,50,2,236
18.50993,46.78108,5,50,2,153
18.51508,46.52659,5,50,2,132
18.52061,45.9655,5,50,2,144
18.52303,46.28749,5,50,2,208
18.52337,46.44265,5,50,2,152
18.53049,46.30717,5,50,2,172
18.53497,47.21496,5,50,2,245
18.53546,45.98659,5,50,2,267
18.53737,46.76094,5,50,2,100
18.53799,46.75362,5,50,2,227
18.5405,47.17931,5,90,2,120
18.55683,46.99824,5,50,2,146
18.55908,46.2867,5,50,2,140
18.56176,45.98813,5,90,2,261
18.56255,46.41673,5,50,2,157
18.58969,47.09928,5,50,2,158
18.5899,47.19162,5,50,2,239
18.59272,45.9943,5,90,2,264
18.59498,46.93835,5,50,2,163
18.59648,47.19148,5,50,2,237
18.62674,47.24153,5,50,2,94
18.62837,47.20744,5,40,2,237
18.63062,46.76688,5,50,2,158
18.6319,45.9996,5,60,2,95
18.63202,46.85576,5,50,2,167
18.63371,46.77995,5,50,2,189
18.6363,46.83513,5,50,2,176
18.63655,47.04881,5,50,2,274
18.63691,46.75973,5,50,2,158
18.63793,46.86165,5,50,2,242
18.63853,46.77306,5,50,2,246
18.64726,47.49473,5,60,2,117
18.64964,47.21962,5,50,2,232
18.6536,47.03943,5,50,2,139
18.65434,46.63284,5,50,2,164
18.65774,47.22336,5,50,2,53
18.65957,45.99746,5,50,2,96
18.66037,45.9011,5,50,2,171
18.66232,46.72174,5,50,2,161
18.66398,47.23854,5,50,2,97
18.66702,45.95171,5,90,2,192
18.66777,47.24217,5,50,2,153
18.66796,46.02706,5,50,2,248
18.66973,46.02279,5,50,2,333
18.6708,47.73634,5,50,2,108
18.67372,45.99204,5,50,2,95
18.6738,47.22152,5,50,2,144
18.67774,45.98563,5,50,2,176
18.67934,45.99391,5,50,2,189
18.6806,46.0081,5,50,2,154
18.71999,46.05404,5,50,2,221
18.72116,46.34593,5,50,2,101
18.72171,47.54358,5,50,2,120
18.72289,47.7224,5,50,2,121
18.72397,46.19541,5,50,2,173
18.72497,47.73359,5,50,2,174
18.72585,47.73727,5,50,2,195
18.72681,47.74962,5,50,2,102
18.73557,47.78143,5,50,2,232
18.73617,47.74738,5,70,2,128
18.73886,47.77739,5,50,2,187
18.75248,47.80449,5,50,2,256
18.75302,47.77717,5,50,2,157
18.755,46.07709,5,50,2,199
18.75661,46.41591,5,50,2,246
18.76472,46.9332,5,50,2,104
18.76659,46.43304,5,90,2,41
18.77259,47.68604,5,50,2,156
18.77713,46.92495,5,50,2,235
18.78185,46.43752,5,50,2,158
18.78296,47.30707,5,50,2,221
18.78368,47.31838,5,40,2,144
18.78846,47.65608,5,50,2,128
18.79512,47.3205,5,50,2,220
18.81018,46.53508,5,50,2,196
18.81975,47.46885,5,50,2,231
18.82677,46.83194,5,50,2,247
18.82737,47.15059,5,50,2,141
18.83229,47.51589,5,50,2,267
18.83994,46.6214,5,50,2,95
18.8461,47.80672,5,60,2,135
18.85036,47.36652,5,50,2,141
18.85085,46.61294,5,50,2,197
18.85333,46.95443,5,50,2,236
18.8639,47.81722,5,50,2,132
18.87545,47.81672,5,50,2,115
18.88465,47.57595,5,50,2,94
18.88905,47.24363,5,50,2,192
18.89162,47.61205,5,50,2,127
18.89639,47.37241,5,50,2,249
18.89686,47.61504,5,50,2,85
18.9015,47.38112,5,50,2,251
18.90192,47.7697,5,50,2,149
18.90447,47.3721,5,50,2,244
18.9087,47.80053,5,50,2,169
18.91053,47.78716,5,50,2,170
18.91072,46.0428,5,50,2,100
18.91492,47.45872,5,50,2,98
18.91501,47.37045,5,50,2,192
18.9162,47.02798,5,60,2,162
18.91703,47.43742,5,50,2,152
18.91829,46.79623,5,50,2,180
18.91954,47.39016,5,50,2,135
18.92533,46.96896,5,50,2,197
18.92711,46.95974,5,50,2,241
18.92812,47.37866,5,50,2,90
18.92885,47.51027,5,40,2,228
18.93007,46.97078,5,50,2,148
18.93137,47.41348,5,30,2,235
18.93557,47.3842,5,50,2,168
18.94236,47.17495,5,50,2,172
18.94269,47.40067,5,50,2,208
18.94429,46.16443,5,50,2,196
18.94473,46.1806,5,50,2,102
18.94633,46.9548,5,50,2,177
18.94797,47.56093,5,50,2,170
18.94851,47.54925,5,50,2,147
18.9508,46.94711,5,50,2,176
18.95181,46.16897,5,50,2,265
18.95463,46.48405,5,50,2,176
18.95483,46.17381,5,50,2,168
18.95596,46.16227,5,50,2,157
18.9573,46.18468,5,50,2,62
18.95792,46.20106,5,50,2,220
18.95973,46.38029,5,50,2,167
18.95993,47.54659,5,50,2,107
18.96006,46.19558,5,50,2,259
18.96096,46.20876,5,50,2,171
18.96367,47.79636,5,50,2,191
18.96801,47.64536,5,50,2,184
18.96956,47.44961,5,50,2,252
18.97068,46.17123,5,50,2,259
18.97316,46.51725,5,50,2,185
18.97405,47.79384,5,50,2,206
18.9752,46.57701,5,50,2,179
18.97554,47.46248,5,50,2,262
18.97656,46.52032,5,50,2,250
18.97711,46.18535,5,50,2,179
18.97776,47.53137,5,50,2,144
18.98499,46.27406,5,50,2,198
18.98544,46.53649,5,50,2,180
18.98656,46.18445,5,60,2,98
18.98984,47.51776,5,50,2,103
18.99241,46.51855,5,50,2,119
18.99509,46.29679,5,50,2,185
19.00022,47.17001,5,50,2,182
19.00139,46.64177,5,50,2,164
19.0019,47.40317,5,50,2,147
19.00228,46.79466,5,50,2,178
19.0028,47.39907,5,50,2,238
19.00379,47.43018,5,50,2,205
19.00425,47.83523,5,50,2,146
19.00519,46.80956,5,50,2,187
19.00613,47.08201,5,50,2,158
19.00692,47.82665,5,50,2,90
19.00788,47.57879,5,50,2,123
19.00898,47.09793,5,50,2,208
19.0105,47.19909,5,50,2,188
19.01176,47.42323,5,50,2,153
19.01455,47.42532,5,50,2,103
19.01546,47.32138,5,50,2,129
19.01603,47.82563,5,50,2,116
19.01624,47.49819,5,50,2,106
19.01644,47.44263,5,50,2,108
19.01711,47.40877,5,50,2,234
19.01748,47.49599,5,50,2,244
19.02012,47.4885,5,50,2,309
19.02138,46.69401,5,60,2,181
19.02338,47.44072,5,50,2,128
19.02374,47.56202,5,50,2,163
19.03398,47.50093,5,50,2,161
19.03593,47.48956,5,50,2,237
19.03726,47.64638,5,50,2,101
19.04383,47.53345,5,50,2,217
19.04445,47.62598,5,50,2,168
19.05867,46.33282,5,50,2,228
19.06239,47.52237,5,50,2,197
19.06284,47.4182,5,50,2,212
19.06296,47.57643,5,40,2,193
19.06648,47.52256,5,50,2,132
19.06727,47.28653,5,50,2,193
19.07461,47.50513,5,50,2,147
19.07523,47.53584,5,50,2,198
19.07554,47.26811,5,50,2,143
19.07658,47.52033,5,50,2,60
19.07877,47.56382,5,60,2,193
19.08036,47.43485,5,50,2,94
19.08171,48.00797,5,50,2,115
19.08199,47.51013,5,50,2,143
19.08307,47.48882,5,50,2,101
19.0832,47.47441,5,50,2,243
19.08479,47.51822,5,50,2,236
19.08606,47.58099,5,50,2,307
19.08921,47.50364,5,50,2,142
19.08942,47.54963,5,50,2,137
19.08977,47.5741,5,50,2,215
19.09064,47.58228,5,50,2,216
19.09081,47.53991,5,50,2,201
19.09272,47.53764,5,50,2,201
19.09301,47.37782,5,30,2,213
19.0948,47.45403,5,50,2,258
19.09566,47.99829,5,40,2,145
19.09589,48.00619,5,50,2,262
19.0961,47.47996,5,50,2,119
19.09725,47.37189,5,50,2,214
19.09801,47.50572,5,50,2,135
19.10103,47.51289,5,50,2,230
19.10166,47.44689,5,50,2,226
19.10311,47.43221,5,50,2,230
19.1034,47.51018,5,50,2,137
19.10348,47.88492,5,90,2,160
19.10496,47.39947,5,50,2,148
19.10605,47.85821,5,50,2,195
19.10754,47.46892,5,50,2,210
19.10831,47.54794,5,50,2,135
19.10875,47.91182,5,60,2,243
19.10978,47.55629,5,50,2,196
19.11127,48.06035,5,50,2,135
19.11473,47.39869,5,50,2,167
19.11502,47.7933,5,50,2,144
19.11587,47.02149,5,50,2,100
19.11668,47.58302,5,60,2,169
19.11856,47.97549,5,30,2,159
19.11899,47.45844,5,50,2,226
19.11909,47.81065,5,90,2,122
19.11982,47.57174,5,50,2,211
19.12015,47.52588,5,50,2,220
19.12081,47.46461,5,50,2,209
19.1224,47.4251,5,50,2,147
19.12491,47.50698,5,50,2,231
19.12517,47.55752,5,50,2,130
19.12622,47.38307,5,50,2,145
19.12677,47.01741,5,50,2,165
19.12752,47.5803,5,50,2,212
19.12895,47.03397,5,50,2,208
19.13088,47.6525,5,50,2,184
19.13118,47.92413,5,50,2,236
19.1313,47.54413,5,50,2,131
19.13135,47.47835,5,50,2,154
19.1317,47.44955,5,50,2,46
19.13424,47.5122,5,50,2,228
19.13481,47.69327,5,50,2,184
19.13487,47.41418,5,50,2,141
19.13701,47.45315,5,50,2,226
19.1381,47.93238,5,50,2,30
19.1385,47.73146,5,50,2,195
19.13997,47.77257,5,40,2,168
19.14139,47.47582,5,50,2,130
19.14148,46.19536,5,50,2,263
19.14232,47.53332,5,50,2,131
19.14334,47.73127,5,50,2,124
19.1455,47.3666,5,60,2,133
19.14691,47.76137,5,50,2,126
19.14694,47.50224,5,40,2,261
19.14925,46.12567,5,50,2,115
19.14973,47.6273,5,50,2,286
19.153,47.6404,5,50,2,134
19.15593,47.61982,5,50,2,223
19.15675,47.53269,5,50,2,44
19.15759,47.50183,5,50,2,264
19.15942,47.65532,5,90,2,184
19.16068,47.51818,5,50,2,237
19.16268,48.04064,5,50,2,106
19.16574,47.49216,5,60,2,134
19.17855,47.62942,5,50,2,136
19.18961,47.62062,5,50,2,146
19.19344,47.51826,5,50,2,242
19.19715,47.99393,5,50,2,202
19.19846,47.52753,5,50,2,123
19.19893,47.43567,5,50,2,117
19.20005,47.3933,5,50,2,138
19.20488,47.60432,5,50,2,121
19.21027,47.51666,5,50,2,247
19.21287,47.50455,5,50,2,147
19.21302,47.42382,5,50,2,212
19.21563,47.39151,5,50,2,134
19.2184,47.55927,5,50,2,159
19.21946,47.51335,5,50,2,236
19.2195,47.37807,5,50,2,135
19.21953,47.79358,5,50,2,221
19.21998,47.30101,5,50,2,150
19.22187,47.48536,5,50,2,100
19.22473,48.05522,5,50,2,245
19.24756,47.79837,5,50,2,226
19.2515,47.48709,5,50,2,96
19.25303,47.41795,5,50,2,268
19.25766,47.54418,5,50,2,228
19.25792,47.48254,5,50,2,189
19.25888,47.68896,5,50,2,139
19.26235,47.50303,5,50,2,132
19.26654,47.59691,5,50,2,110
19.26702,47.2214,5,50,2,136
19.2672,47.41276,5,50,2,116
19.27237,46.62698,5,50,2,144
19.27464,46.62481,5,50,2,142
19.27465,48.07068,5,50,2,260
19.27726,47.55649,5,50,2,228
19.2774,46.60886,5,50,2,40
19.27999,47.49044,5,50,2,240
19.28101,47.66061,5,50,2,137
19.2872,47.52581,5,50,2,90
19.28942,47.52462,5,50,2,189
19.29251,47.47772,5,50,2,164
19.29281,46.614,5,50,2,129
19.2935,46.62675,5,50,2,222
19.29421,46.17812,5,50,2,96
19.2957,47.46844,5,50,2,160
19.29884,47.46101,5,50,2,161
19.29929,48.06301,5,50,2,265
19.30028,47.4685,5,50,2,116
19.3009,47.49107,5,50,2,100
19.30224,48.0636,5,50,2,147
19.30395,48.06772,5,50,2,102
19.30898,48.08001,5,50,2,94
19.31126,46.28991,5,50,2,224
19.32107,48.03514,5,50,2,172
19.32348,46.13216,5,50,2,167
19.3249,47.67137,5,50,2,125
19.3253,46.82701,5,90,2,139
19.32645,47.38952,5,60,2,112
19.33475,46.28843,5,50,2,152
19.33988,47.99064,5,50,2,190
19.34196,47.17749,5,50,2,244
19.34202,47.48557,5,50,2,169
19.3496,47.59549,5,50,2,144
19.35126,47.49161,5,50,2,250
19.35325,46.80532,5,50,2,135
19.38733,46.2177,5,50,2,241
19.39777,47.70003,5,50,2,150
19.3979,48.07642,5,50,2,95
19.40271,46.57333,5,50,2,318
19.40881,47.41908,5,50,2,212
19.41895,47.1318,5,50,2,125
19.41978,47.34507,5,50,2,127
19.43259,46.51819,5,50,2,154
19.43284,47.3615,5,50,2,131
19.44188,47.33897,5,50,2,192
19.44886,47.42873,5,50,2,90
19.45862,47.42982,5,50,2,53
19.49635,47.65043,5,50,2,98
19.4977,47.65694,5,50,2,230
19.4983,47.06832,5,50,2,159
19.49938,47.30917,5,50,2,138
19.51492,47.66392,5,50,2,251
19.51593,47.63198,5,50,2,96
19.52212,48.0835,5,50,2,189
19.52429,46.21064,5,50,2,152
19.55116,46.88634,5,90,2,259
19.59739,47.48187,5,50,2,129
19.63227,47.25571,5,90,2,126
19.63389,48.12429,5,50,2,123
19.641,46.96401,5,60,2,151
19.64456,46.82868,5,90,2,192
19.64551,46.92431,5,40,2,129
19.64912,47.6627,5,50,2,253
19.65041,46.95034,5,90,2,162
19.66062,46.93002,5,50,2,114
19.66658,47.22258,5,50,2,140
19.66959,47.67186,5,50,2,174
19.6729,46.86319,5,50,2,220
19.67586,48.10692,5,50,2,148
19.67881,47.74351,5,50,2,183
19.67936,46.92049,5,50,2,133
19.68405,46.88796,5,50,2,197
19.69005,47.6665,5,50,2,93
19.69042,46.90397,5,50,2,132
19.69446,47.91251,5,50,2,187
19.69499,46.94692,5,90,2,123
19.69591,47.37256,5,50,2,217
19.69833,46.88193,5,50,2,96
19.70065,46.92661,5,50,2,205
19.70088,47.92311,5,50,2,205
19.70149,46.90218,5,50,2,247
19.70417,46.92268,5,30,2,124
19.70744,47.92789,5,50,2,231
19.70831,47.4497,5,50,2,149
19.7086,46.94084,5,60,2,196
19.72526,46.49306,5,50,2,260
19.72936,47.57882,5,50,2,236
19.74098,47.42041,5,50,2,146
19.7728,48.06636,5,50,2,273
19.77372,47.17857,5,50,2,111
19.77752,47.16202,5,50,2,228
19.77883,47.97422,5,60,2,259
19.78429,47.0443,5,50,2,172
19.78687,47.01996,5,50,2,121
19.78715,48.11086,5,50,2,137
19.78992,47.55732,5,50,2,125
19.79096,47.15807,5,50,2,203
19.79238,47.69155,5,50,2,251
19.79337,48.08296,5,50,2,181
19.79548,47.02948,5,50,2,110
19.79646,47.81322,5,50,2,106
19.79724,47.37361,5,40,2,191
19.79931,47.17903,5,50,2,204
19.80469,47.18845,5,50,2,254
19.80942,47.17384,5,50,2,114
19.81067,48.05362,5,50,2,149
19.81084,47.36238,5,60,2,128
19.81101,47.1714,5,50,2,218
19.81107,48.12876,5,50,2,210
19.81143,47.97959,5,70,2,218
19.81301,46.76401,5,90,2,149
19.81707,48.14945,5,50,2,142
19.8226,48.0134,5,50,2,170
19.828,48.00696,5,50,2,254
19.82925,46.71449,5,50,2,136
19.82989,46.89269,5,90,2,137
19.83131,46.68933,5,60,2,206
19.8317,47.16723,5,50,2,119
19.8491,46.69561,5,50,2,173
19.84938,46.71517,5,50,2,174
19.85331,47.75945,5,50,2,156
19.86451,46.72413,5,50,2,220
19.86692,47.3737,5,50,2,226
19.87446,47.3178,5,50,2,191
19.88259,47.48688,5,50,2,231
19.88449,46.7012,5,90,2,225
19.88715,46.5471,5,60,2,142
19.89412,48.00531,5,50,2,216
19.89887,47.50501,5,50,2,145
19.89892,47.82041,5,50,2,135
19.89946,47.49732,5,50,2,237
19.90551,47.4957,5,50,2,234
19.90733,47.51117,5,50,2,136
19.91235,47.52113,5,90,2,91
19.91504,47.77126,5,50,2,209
19.91653,46.92124,5,50,2,265
19.91786,48.00241,5,50,2,98
19.92161,46.86357,5,90,2,98
19.92678,47.50355,5,50,2,243
19.92714,47.4984,5,50,2,138
19.93102,47.79853,5,50,2,191
19.93214,48.04167,5,50,2,270
19.93298,47.78664,5,50,2,217
19.94118,48.03884,5,50,2,147
19.94745,47.77591,5,50,2,131
19.95304,47.75577,5,50,2,161
19.96189,47.65173,5,50,2,137
19.96649,47.82332,5,50,2,216
19.96769,46.48266,5,50,2,151
19.97026,46.40561,5,130,2,144
19.97027,47.82668,5,50,2,217
19.97849,46.46852,5,50,2,236
19.97954,48.01023,5,50,2,97
19.98599,47.52057,5,50,2,203
19.98989,47.18856,5,50,2,263
19.9908,46.47387,5,50,2,235
19.99432,46.24174,5,60,2,271
19.99722,46.86408,5,50,2,233
20.00175,46.81114,5,50,2,149
20.00457,47.51995,5,50,2,130
20.00946,47.47528,5,50,2,162
20.01724,47.92398,5,50,2,266
20.02426,47.18466,5,50,2,104
20.03377,47.72467,5,50,2,139
20.03567,46.24722,5,60,2,96
20.04745,46.90289,5,50,2,223
20.04906,47.42342,5,50,2,172
20.05327,46.2772,5,50,2,99
20.06872,46.2522,5,90,2,94
20.06884,47.05205,5,50,2,138
20.07378,47.28511,5,50,2,230
20.07389,46.48914,5,60,2,130
20.07422,47.18297,5,90,2,94
20.0916,47.68731,5,50,2,131
20.09322,46.61221,5,50,2,193
20.1011,46.5402,5,50,2,31
20.10332,46.58387,5,50,2,207
20.10658,47.68758,5,50,2,311
20.10688,48.01867,5,50,2,210
20.11328,46.6684,5,90,2,171
20.11809,46.3551,5,50,2,146
20.12333,47.2326,5,90,2,151
20.13187,47.51149,5,50,2,233
20.13281,47.10102,5,50,2,123
20.1349,46.24524,5,50,2,232
20.14545,47.66971,5,50,2,166
20.14954,47.74702,5,90,2,238
20.15124,47.65637,5,50,2,164
20.15186,48.04899,5,50,2,231
20.15495,47.1831,5,50,2,191
20.159,47.14235,5,50,2,218
20.16217,47.17631,5,50,2,100
20.16333,47.14718,5,50,2,201
20.16767,46.23875,5,50,2,138
20.17523,47.19122,5,60,2,133
20.1812,47.64312,5,50,2,105
20.18391,47.18087,5,50,2,151
20.18926,46.25777,5,50,2,118
20.19374,46.22318,5,50,2,122
20.20315,47.15311,5,60,2,94
20.20342,47.15688,5,50,2,176
20.20668,47.1279,5,50,2,192
20.21933,46.21515,5,90,2,275
20.21971,47.18109,5,50,2,219
20.22151,47.12375,5,60,2,169
20.2235,46.5693,5,50,2,173
20.22401,47.8486,5,50,2,154
20.22847,46.58584,5,50,2,264
20.23027,46.21593,5,50,2,245
20.2375,48.12163,5,50,2,239
20.23803,47.08485,5,50,2,148
20.24446,48.23195,5,50,2,124
20.25065,46.6542,5,50,2,141
20.2507,48.16231,5,50,2,209
20.25164,47.5752,5,60,2,241
20.25293,47.74299,5,50,2,171
20.25522,46.38167,5,90,2,242
20.2571,48.18313,5,50,2,159
20.25907,48.04924,5,50,2,149
20.2643,46.65811,5,50,2,155
20.26496,47.58356,5,50,2,220
20.26525,47.72842,5,50,2,305
20.26533,46.64386,5,50,2,148
20.26774,46.6542,5,50,2,222
20.27215,47.01693,5,50,2,265
20.27618,46.9763,5,50,2,187
20.27632,46.63198,5,50,2,228
20.28636,47.60765,5,50,2,171
20.28694,46.84123,5,40,2,146
20.29771,47.60532,5,50,2,219
20.30822,48.22873,5,50,2,220
20.31464,46.40359,5,50,2,241
20.31657,46.41707,5,50,2,256
20.31769,48.23395,5,50,2,230
20.32077,48.23709,5,60,2,200
20.32147,46.42074,5,50,2,113
20.32307,46.21886,5,50,2,262
20.32998,48.03107,5,50,2,201
20.33387,46.4151,5,50,2,315
20.3397,47.65132,5,50,2,197
20.34491,48.27921,5,50,2,130
20.34698,46.42866,5,50,2,49
20.3508,47.79823,5,50,2,244
20.35256,46.2699,5,50,2,132
20.35565,48.2974,5,50,2,255
20.35813,47.80858,5,90,2,185
20.36146,47.90908,5,50,2,105
20.36905,47.92465,5,50,2,175
20.37257,47.67536,5,90,2,226
20.37303,47.84492,5,70,2,175
20.37414,47.94068,5,50,2,45
20.38082,47.88638,5,50,2,174
20.3827,47.87378,5,50,2,176
20.38643,47.17597,5,50,2,240
20.38737,48.09731,5,50,2,236
20.38951,47.91072,5,50,2,254
20.40126,47.87546,5,50,2,164
20.40577,47.17801,5,50,2,251
20.4141,47.71821,5,50,2,201
20.41411,47.80928,5,50,2,190
20.41532,47.7531,5,50,2,240
20.41741,47.81961,5,50,2,190
20.42042,47.71836,5,50,2,151
20.42236,47.1815,5,50,2,256
20.42412,47.16945,5,50,2,138
20.42724,48.29582,5,50,2,101
20.42739,47.7038,5,50,2,172
20.43933,47.69379,5,50,2,108
20.45612,46.21915,5,50,2,137
20.47665,46.87754,5,50,2,127
20.47829,47.85623,5,50,2,136
20.47852,46.22292,5,50,2,201
20.4814,47.77976,5,50,2,246
20.48787,46.21953,5,50,2,244
20.49309,46.86999,5,60,2,248
20.509,46.21706,5,50,2,94
20.51461,47.22876,5,50,2,235
20.51678,47.81621,5,60,2,108
20.53634,47.89599,5,50,2,157
20.54125,46.86411,5,50,2,99
20.54217,46.50606,5,50,2,255
20.5524,47.80835,5,50,2,107
20.55463,46.86081,5,50,2,111
20.5582,48.27382,5,50,2,268
20.56901,46.85573,5,50,2,112
20.57472,47.79374,5,50,2,154
20.58194,47.81417,5,50,2,239
20.5872,48.27061,5,50,2,111
20.58917,46.17218,5,50,2,111
20.59208,46.53081,5,60,2,230
20.60001,46.5648,5,70,2,106
20.60127,48.23678,5,50,2,217
20.6091,47.00967,5,50,2,113
20.61203,46.54036,5,90,2,235
20.61435,47.01397,5,50,2,143
20.62646,47.83346,5,90,2,238
20.62702,46.57184,5,50,2,148
20.6309,47.00019,5,50,2,264
20.63579,48.2566,5,50,2,101
20.64057,48.25246,5,50,2,253
20.64387,47.63998,5,50,2,246
20.64704,47.00321,5,50,2,255
20.64827,46.56405,5,90,2,183
20.65531,46.55373,5,50,2,232
20.66438,46.82297,5,60,2,132
20.66517,48.11325,5,50,2,301
20.67248,47.84972,5,50,2,166
20.67448,46.57697,5,50,2,263
20.67501,46.54675,5,50,2,164
20.67652,46.62029,5,70,2,171
20.67791,46.55141,5,50,2,250
20.67984,46.5707,5,50,2,231
20.6879,46.57706,5,50,2,235
20.68944,48.4686,5,50,2,185
20.6906,48.26695,5,50,2,106
20.707,48.10022,5,50,2,87
20.71887,48.28244,5,50,2,175
20.72549,48.29253,5,50,2,252
20.7299,48.21197,5,50,2,145
20.73411,48.39889,5,50,2,102
20.73855,48.10238,5,50,2,263
20.74182,48.10018,5,60,2,85
20.74281,47.97509,5,50,2,207
20.7448,47.92179,5,50,2,257
20.74493,46.97217,5,70,2,186
20.74669,48.30298,5,50,2,196
20.74834,47.62645,5,50,2,180
20.74898,47.61455,5,50,2,169
20.75192,46.77831,5,90,2,155
20.75304,48.06663,5,40,2,210
20.76135,48.09063,5,50,2,88
20.76394,47.60318,5,50,2,172
20.76493,46.90382,5,60,2,256
20.7694,48.08506,5,50,2,173
20.773,48.03477,5,50,2,206
20.77357,46.92772,5,50,2,188
20.77967,48.13604,5,60,2,162
20.78493,48.07646,5,50,2,157
20.78718,46.93281,5,50,2,91
20.78747,48.08483,5,50,2,40
20.79224,48.09199,5,50,2,185
20.79602,48.05928,5,60,2,161
20.80055,47.53689,5,50,2,128
20.80606,48.10545,5,50,2,79
20.80687,47.93085,5,50,2,262
20.81629,48.08655,5,50,2,146
20.82005,47.51124,5,50,2,196
20.82122,48.01844,5,50,2,154
20.82462,46.45735,5,50,2,139
20.82599,46.63241,5,40,2,244
20.82936,48.06982,5,50,2,164
20.83079,47.98925,5,50,2,173
20.83383,46.92685,5,50,2,148
20.83715,46.44722,5,90,2,140
20.85757,48.096,5,50,2,157
20.87216,48.07871,5,40,2,144
20.88903,46.40922,5,50,2,114
20.89259,47.29533,5,50,2,221
20.89953,46.64686,5,90,2,234
20.90159,46.40121,5,50,2,117
20.90861,46.73013,5,90,2,116
20.90937,46.40413,5,50,2,254
20.92736,48.19233,5,50,2,207
20.93649,48.20598,5,50,2,203
20.95058,47.95911,5,50,2,100
20.95497,48.22571,5,50,2,213
20.96055,46.71199,5,90,2,100
20.9636,47.23104,5,90,2,154
20.98263,47.94879,5,50,2,117
20.98483,47.94803,5,50,2,117
21.01604,46.29784,5,50,2,170
21.02092,48.27816,5,50,2,234
21.02181,46.50121,5,50,2,120
21.02554,46.87896,5,50,2,220
21.02747,46.29264,5,50,2,267
21.02761,46.83712,5,70,2,182
21.02769,46.83851,5,50,2,182
21.02949,47.9385,5,40,2,199
21.03231,46.81954,5,50,2,163
21.03639,47.58899,5,90,2,264
21.04066,46.28272,5,50,2,134
21.05354,46.68487,5,50,2,107
21.06108,46.97344,5,50,2,140
21.0704,46.95806,5,50,2,104
21.0811,46.68313,5,50,2,255
21.08252,48.04346,5,50,2,235
21.08315,46.959,5,50,2,207
21.08423,48.31847,5,50,2,200
21.08735,46.67024,5,50,2,223
21.08793,46.96523,5,50,2,196
21.09057,48.32597,5,50,2,228
21.0912,46.68551,5,50,2,118
21.09212,46.65283,5,50,2,139
21.12938,47.31397,5,50,2,108
21.13754,46.69764,5,60,2,54
21.20709,47.2983,5,90,2,111
21.22872,47.29249,5,50,2,301
21.24296,46.64505,5,90,2,149
21.28097,46.63052,5,90,2,91
21.30471,46.6369,5,50,2,260
21.31078,46.63768,5,50,2,91
21.52181,48.30519,5,90,2,212
21.52398,47.23691,5,50,2,112
21.65943,47.54002,5,50,2,350
21.70024,47.81807,5,50,2,169
22.12012,47.84556,5,50,2,156
22.12898,48.34287,5,60,2,205
22.14111,47.82853,5,50,2,141
22.362848,47.943517,5,50,2,261
19.30489,47.39672,1,110,1,218
17.768922,46.75192,1,90,1,342
